0 0.180000 0.000000
1 0.180000 0.000000
2 0.180000 0.000000
3 0.240000 0.000000
4 0.260000 0.000000
5 0.780000 0.000000
6 0.640000 0.000000
7 4.320000 0.000000
8 4.320000 0.000000
9 4.340000 0.000000
10 4.360000 0.000000
11 4.480000 0.000000
12 8.060000 0.496278
13 5.180000 0.000000
14 4.680000 0.000000
15 4.380000 0.456621
16 4.360000 0.000000
17 4.340000 0.000000
18 4.500000 0.000000
19 4.780000 0.000000
20 5.220000 0.000000
21 6.900000 0.000000
22 5.080000 0.000000
23 5.680000 0.352113
24 3.380000 0.000000
25 3.460000 0.000000
26 6.480000 0.000000
27 3.280000 0.609756
28 9.360000 0.000000
29 9.460000 0.000000
30 0.540000 0.000000
31 3.920000 0.000000
32 9.680000 0.000000
33 8.960000 0.223214
34 9.380000 0.000000
35 4.900000 0.408163
36 0.660000 0.000000
37 0.460000 0.000000
38 45.460000 0.175979
39 5.240000 0.381679
40 8.800000 0.000000
41 0.760000 0.000000
42 2.220000 0.000000
43 1.000000 0.000000
44 11.300000 0.000000
45 9.400000 0.212766
46 10.340000 0.000000
47 9.360000 0.000000
48 3.440000 0.000000
49 9.160000 0.000000
50 9.580000 0.000000
51 9.440000 0.423729
52 0.540000 0.000000
53 5.260000 0.000000
54 8.560000 0.000000
55 8.400000 0.000000
56 5.360000 0.373134
57 3.220000 0.000000
58 8.860000 0.000000
59 8.580000 0.233100
60 8.560000 0.233645
61 8.580000 0.233100
62 0.540000 0.000000
63 3.240000 0.000000
64 3.240000 0.000000
65 3.280000 0.000000
66 3.240000 0.000000
67 3.420000 0.000000
68 3.240000 0.000000
69 3.260000 0.000000
70 3.240000 0.617284
71 3.260000 0.000000
72 3.260000 0.000000
73 3.260000 0.000000
74 2.580000 0.775194
75 0.580000 0.000000
76 0.580000 0.000000
77 0.580000 0.000000
78 0.580000 0.000000
79 0.560000 0.000000
80 0.580000 0.000000
81 0.560000 3.571429
82 0.580000 0.000000
83 0.580000 0.000000
84 0.560000 0.000000
85 0.580000 0.000000
86 0.560000 0.000000
87 0.580000 0.000000
88 0.580000 0.000000
89 0.580000 0.000000
90 0.560000 0.000000
91 0.580000 0.000000
92 0.580000 0.000000
93 0.580000 0.000000
94 0.560000 0.000000
95 0.580000 0.000000
96 0.580000 0.000000
97 0.580000 3.448276
98 0.580000 0.000000
99 0.580000 0.000000
100 0.580000 0.000000
101 0.580000 0.000000
102 0.580000 0.000000
103 0.580000 0.000000
104 0.580000 0.000000
105 0.560000 0.000000
106 0.580000 0.000000
107 0.580000 0.000000
108 0.580000 0.000000
109 0.580000 0.000000
110 0.580000 0.000000
111 0.580000 0.000000
112 0.580000 0.000000
113 0.580000 0.000000
114 0.580000 0.000000
115 0.580000 0.000000
116 0.580000 0.000000
117 0.580000 0.000000
118 0.580000 0.000000
119 0.580000 0.000000
120 0.580000 0.000000
121 0.580000 0.000000
122 0.580000 0.000000
123 0.580000 0.000000
124 0.580000 0.000000
125 0.580000 0.000000
126 0.580000 0.000000
127 0.580000 0.000000
128 0.580000 0.000000
129 0.580000 0.000000
130 0.580000 0.000000
131 0.580000 0.000000
132 0.580000 0.000000
133 0.580000 0.000000
134 0.580000 0.000000
135 0.580000 0.000000
136 0.580000 0.000000
137 0.580000 0.000000
138 0.580000 0.000000
139 0.580000 0.000000
140 0.580000 0.000000
141 0.580000 0.000000
142 0.580000 0.000000
143 0.580000 0.000000
144 0.580000 0.000000
145 0.580000 0.000000
146 0.580000 0.000000
147 0.580000 0.000000
148 0.580000 0.000000
149 0.580000 0.000000
150 0.580000 0.000000
151 0.580000 0.000000
152 0.580000 0.000000
153 0.580000 0.000000
154 0.580000 0.000000
155 0.580000 3.448276
156 0.580000 0.000000
157 0.580000 0.000000
158 0.580000 0.000000
159 0.580000 0.000000
160 0.580000 0.000000
161 0.580000 0.000000
162 0.580000 0.000000
163 0.580000 0.000000
164 0.580000 0.000000
165 0.580000 0.000000
166 0.580000 0.000000
167 0.580000 0.000000
168 0.580000 0.000000
169 0.580000 0.000000
170 0.580000 0.000000
171 0.580000 0.000000
172 0.580000 0.000000
173 0.580000 0.000000
174 0.580000 0.000000
175 0.580000 0.000000
176 0.580000 0.000000
177 0.580000 0.000000
178 0.580000 0.000000
179 0.580000 0.000000
180 0.580000 0.000000
181 0.580000 0.000000
182 0.580000 0.000000
183 0.580000 0.000000
184 0.580000 3.448276
185 0.580000 0.000000
186 0.580000 0.000000
187 0.580000 0.000000
188 0.580000 0.000000
189 0.580000 0.000000
190 0.580000 0.000000
191 0.580000 0.000000
192 0.580000 0.000000
193 0.580000 0.000000
194 0.580000 0.000000
195 0.580000 0.000000
196 0.580000 0.000000
197 0.580000 0.000000
198 0.580000 0.000000
199 0.580000 0.000000
200 0.580000 0.000000
201 0.580000 0.000000
202 0.560000 3.571429
203 0.580000 0.000000
204 3.620000 0.000000
205 1.740000 1.149425
206 2.060000 0.000000
207 8.540000 0.000000
208 8.540000 0.000000
209 0.540000 0.000000
210 2.800000 0.000000
211 4.600000 0.434783
212 4.500000 0.000000
213 3.660000 0.000000
214 4.240000 0.000000
215 3.680000 0.000000
216 3.380000 0.591716
217 3.200000 0.000000
218 3.300000 0.606061
219 3.720000 0.000000
220 3.520000 1.136364
221 3.780000 0.000000
222 3.500000 0.000000
223 3.000000 0.000000
224 3.060000 0.000000
225 3.760000 0.531915
226 3.360000 0.000000
227 3.040000 0.000000
228 3.000000 0.666667
229 3.180000 0.000000
230 3.300000 0.000000
231 3.720000 0.000000
232 3.640000 0.000000
233 3.520000 0.000000
234 3.240000 0.000000
235 3.360000 0.000000
236 3.400000 0.000000
237 3.520000 0.000000
238 3.520000 0.000000
239 3.440000 0.000000
240 3.520000 0.000000
241 3.460000 0.000000
242 3.520000 0.000000
243 4.500000 0.444444
244 3.500000 0.000000
245 3.440000 0.000000
246 4.100000 0.000000
247 4.160000 0.000000
248 5.000000 0.000000
249 4.880000 0.000000
250 5.540000 0.000000
251 4.900000 0.408163
252 3.320000 0.000000
253 3.320000 0.000000
254 3.320000 0.602410
255 3.320000 0.000000
256 3.220000 0.000000
257 3.320000 0.000000
258 3.320000 0.000000
259 3.320000 0.000000
260 3.320000 0.000000
261 3.320000 0.000000
262 3.320000 0.000000
263 3.320000 0.000000
264 3.320000 0.000000
265 3.320000 0.000000
266 3.320000 0.000000
267 3.880000 0.515464
268 3.320000 0.000000
269 3.320000 0.000000
270 3.320000 0.000000
271 3.320000 0.000000
272 3.320000 0.000000
273 3.320000 0.000000
274 3.320000 0.000000
275 3.320000 0.000000
276 3.320000 0.000000
277 3.320000 0.000000
278 3.320000 0.000000
279 3.320000 0.000000
280 3.320000 0.000000
281 3.320000 0.000000
282 4.320000 0.462963
283 3.220000 0.000000
284 3.320000 0.000000
285 3.320000 0.000000
286 3.320000 0.000000
287 3.320000 0.000000
288 3.320000 0.000000
289 4.500000 0.444444
290 3.320000 0.000000
291 3.320000 0.000000
292 3.320000 0.000000
293 3.320000 0.602410
294 3.320000 0.000000
295 3.320000 0.000000
296 3.320000 0.602410
297 3.320000 0.000000
298 3.320000 0.000000
299 4.960000 0.403226
300 3.320000 0.000000
301 3.320000 0.000000
302 3.320000 0.000000
303 4.580000 0.436681
304 3.320000 0.000000
305 3.320000 0.000000
306 3.320000 0.000000
307 3.320000 0.000000
308 3.320000 0.000000
309 3.320000 0.000000
310 3.320000 0.000000
311 3.320000 0.000000
312 3.320000 0.000000
313 3.320000 0.000000
314 3.320000 0.602410
315 3.320000 0.000000
316 3.320000 0.602410
317 3.220000 0.621118
318 3.320000 0.000000
319 3.320000 0.000000
320 3.320000 0.000000
321 3.320000 0.000000
322 3.320000 0.000000
323 3.320000 0.000000
324 3.320000 0.000000
325 3.320000 0.000000
326 3.320000 0.000000
327 3.320000 0.000000
328 3.320000 0.000000
329 3.320000 0.000000
330 3.320000 0.000000
331 3.320000 0.602410
332 3.320000 0.000000
333 3.320000 0.000000
334 3.320000 0.000000
335 3.320000 0.000000
336 3.320000 0.000000
337 3.320000 0.602410
338 3.320000 0.000000
339 3.320000 0.000000
340 3.320000 0.000000
341 3.320000 0.000000
342 3.320000 0.000000
343 3.320000 0.602410
344 3.320000 0.000000
345 3.320000 0.000000
346 3.320000 0.000000
347 3.320000 0.000000
348 3.320000 0.000000
349 3.320000 0.000000
350 3.320000 0.000000
351 3.700000 1.081081
352 3.320000 0.000000
353 3.320000 0.000000
354 3.320000 0.000000
355 3.320000 0.000000
356 3.320000 0.000000
357 3.320000 0.000000
358 3.320000 0.000000
359 3.320000 0.000000
360 3.320000 0.000000
361 3.320000 0.000000
362 3.320000 0.000000
363 3.320000 0.000000
364 3.320000 0.000000
365 3.320000 0.000000
366 3.520000 0.568182
367 3.320000 0.000000
368 3.320000 0.000000
369 3.320000 0.000000
370 3.420000 1.169591
371 3.320000 0.000000
372 3.320000 0.000000
373 3.320000 0.000000
374 3.320000 0.000000
375 3.320000 0.000000
376 3.320000 0.000000
377 3.320000 0.000000
378 3.320000 0.000000
379 3.320000 0.000000
380 3.320000 0.000000
381 3.320000 0.000000
382 3.320000 0.000000
383 3.320000 0.000000
384 8.600000 0.232558
385 3.320000 0.000000
386 3.320000 0.000000
387 3.320000 0.000000
388 3.320000 0.000000
389 3.320000 0.000000
390 3.380000 0.000000
391 3.380000 0.000000
392 4.660000 0.000000
393 4.880000 0.000000
394 5.180000 0.000000
395 5.840000 0.000000
396 4.260000 0.000000
397 4.660000 0.000000
398 4.700000 0.425532
399 4.660000 0.000000
400 4.540000 0.000000
401 4.260000 0.000000
402 6.920000 0.000000
403 5.480000 0.364964
404 6.260000 0.000000
405 6.260000 0.000000
406 6.260000 0.000000
407 6.260000 0.000000
408 6.260000 0.000000
409 6.260000 0.000000
410 6.260000 0.000000
411 6.260000 0.638978
412 6.260000 0.000000
413 7.580000 0.000000
414 7.580000 0.263852
415 4.920000 0.406504
416 7.580000 0.263852
417 7.580000 0.000000
418 7.580000 0.000000
419 7.580000 0.000000
420 7.580000 0.000000
421 7.400000 0.000000
422 7.160000 0.000000
423 7.160000 0.000000
424 4.500000 0.444444
425 3.920000 0.000000
426 3.740000 0.000000
427 3.740000 0.000000
428 3.740000 0.000000
429 3.740000 0.534759
430 3.740000 0.000000
431 3.740000 0.000000
432 3.740000 0.000000
433 3.740000 0.000000
434 3.740000 0.000000
435 3.740000 0.000000
436 3.740000 0.000000
437 3.740000 0.000000
438 2.980000 0.671141
439 3.740000 0.000000
440 3.700000 0.000000
441 3.740000 0.000000
442 3.700000 0.000000
443 3.740000 0.000000
444 3.700000 0.000000
445 3.740000 0.000000
446 3.700000 0.000000
447 3.740000 0.000000
448 3.700000 0.000000
449 3.740000 0.534759
450 3.700000 0.000000
451 3.700000 0.000000
452 3.700000 0.000000
453 3.700000 0.000000
454 3.700000 0.000000
455 3.700000 0.000000
456 3.700000 0.000000
457 3.700000 0.000000
458 3.700000 0.000000
459 3.700000 0.000000
460 3.700000 0.000000
461 3.700000 0.000000
462 3.420000 0.584795
463 3.700000 0.000000
464 3.700000 0.000000
465 3.700000 0.000000
466 3.700000 0.000000
467 3.700000 0.000000
468 3.700000 0.000000
469 3.700000 0.000000
470 3.700000 0.000000
471 3.700000 0.000000
472 3.700000 0.000000
473 3.700000 0.000000
474 3.700000 0.000000
475 3.700000 0.540541
476 3.700000 0.000000
477 3.700000 0.000000
478 3.700000 0.000000
479 3.700000 0.000000
480 3.700000 0.000000
481 3.700000 0.000000
482 3.700000 0.000000
483 3.720000 0.537634
484 3.740000 0.000000
485 3.700000 0.000000
486 3.740000 0.000000
487 3.700000 0.000000
488 3.740000 0.000000
489 3.700000 0.000000
490 3.740000 0.000000
491 3.740000 0.000000
492 3.740000 0.000000
493 3.740000 0.000000
494 3.740000 0.000000
495 3.740000 0.000000
496 3.560000 0.561798
497 3.740000 0.000000
498 3.740000 0.000000
499 3.740000 1.069519
500 3.740000 0.000000
501 3.740000 0.000000
502 8.860000 0.451467
503 3.460000 0.578035
504 3.740000 0.000000
505 3.740000 0.000000
506 3.900000 0.512821
507 3.740000 0.000000
508 1.960000 2.040816
509 9.200000 0.000000
510 9.200000 0.000000
511 9.200000 0.000000
512 21.640000 0.184843
513 9.200000 0.000000
514 9.200000 0.000000
515 19.140000 0.313480
516 9.200000 0.000000
517 9.200000 0.000000
518 9.200000 0.000000
519 9.200000 0.434783
520 18.080000 0.110619
521 9.200000 0.217391
522 9.200000 0.217391
523 9.200000 0.000000
524 9.200000 0.000000
525 9.200000 0.000000
526 12.620000 0.475436
527 9.200000 0.217391
528 9.200000 0.217391
529 9.200000 0.434783
530 9.200000 0.217391
531 9.860000 0.202840
532 9.200000 0.000000
533 9.200000 0.000000
534 9.200000 0.000000
535 9.200000 0.000000
536 9.200000 0.217391
537 9.200000 0.000000
538 9.200000 0.217391
539 9.860000 0.202840
540 9.200000 0.217391
541 9.200000 0.000000
542 9.200000 0.000000
543 9.200000 0.000000
544 9.200000 0.000000
545 9.200000 0.000000
546 9.200000 0.000000
547 6.440000 0.931677
548 9.200000 0.000000
549 9.200000 0.217391
550 9.200000 0.000000
551 9.200000 0.000000
552 12.160000 0.328947
553 12.400000 0.161290
554 10.220000 0.195695
555 9.200000 0.000000
556 9.200000 0.000000
557 9.200000 0.000000
558 9.200000 0.000000
559 9.200000 0.000000
560 9.200000 0.000000
561 9.200000 0.217391
562 9.200000 0.000000
563 9.200000 0.000000
564 9.200000 0.000000
565 9.200000 0.000000
566 9.260000 0.215983
567 9.200000 0.000000
568 9.200000 0.000000
569 12.420000 0.161031
570 9.200000 0.000000
571 9.200000 0.000000
572 9.200000 0.000000
573 11.680000 0.171233
574 9.200000 0.000000
575 9.200000 0.000000
576 9.200000 0.000000
577 3.560000 0.561798
578 9.200000 0.000000
579 9.200000 0.217391
580 9.200000 0.000000
581 12.020000 0.332779
582 5.780000 0.692042
583 24.320000 0.246711
584 9.200000 0.000000
585 9.200000 0.000000
586 9.200000 0.000000
587 9.200000 0.000000
588 9.200000 0.000000
589 18.080000 0.221239
590 9.200000 0.000000
591 9.200000 0.217391
592 4.980000 0.401606
593 9.200000 0.000000
594 12.700000 0.157480
595 4.780000 0.000000
596 4.780000 0.418410
597 4.780000 0.418410
598 4.780000 0.000000
599 4.780000 0.000000
600 17.520000 0.228311
601 4.780000 0.836820
602 4.780000 0.000000
603 4.780000 0.000000
604 4.780000 0.000000
605 4.780000 0.000000
606 4.780000 0.000000
607 9.840000 0.203252
608 4.780000 0.000000
609 21.820000 0.183318
610 4.780000 0.000000
611 4.780000 0.000000
612 4.780000 0.000000
613 12.260000 0.163132
614 4.780000 0.000000
615 4.780000 0.000000
616 4.780000 0.000000
617 4.780000 0.418410
618 4.780000 0.000000
619 4.780000 0.000000
620 4.780000 0.000000
621 4.800000 0.416667
622 4.780000 0.000000
623 4.780000 0.418410
624 4.780000 0.000000
625 4.780000 0.418410
626 4.780000 0.000000
627 4.780000 0.418410
628 4.780000 0.000000
629 4.780000 0.000000
630 4.780000 0.000000
631 4.780000 0.418410
632 4.780000 0.000000
633 4.780000 0.000000
634 4.780000 0.000000
635 4.780000 0.000000
636 4.780000 0.000000
637 4.780000 0.000000
638 4.780000 0.000000
639 4.780000 0.000000
640 4.780000 0.000000
641 4.780000 0.000000
642 38.620000 0.207147
643 1.640000 0.000000
644 4.780000 0.000000
645 4.780000 0.000000
646 31.920000 0.125313
647 4.780000 0.000000
648 4.780000 0.000000
649 4.780000 0.000000
650 4.780000 0.000000
651 4.780000 0.000000
652 4.780000 0.000000
653 4.780000 0.000000
654 4.780000 0.000000
655 4.780000 0.418410
656 5.340000 0.374532
657 4.780000 0.000000
658 4.780000 0.000000
659 4.780000 0.000000
660 4.780000 0.000000
661 4.780000 0.418410
662 20.900000 0.382775
663 4.780000 0.000000
664 4.780000 0.418410
665 4.780000 0.000000
666 4.780000 0.418410
667 4.780000 0.000000
668 4.780000 0.418410
669 4.780000 0.418410
670 4.780000 0.000000
671 4.780000 0.000000
672 7.900000 0.253165
673 4.780000 0.000000
674 4.780000 0.000000
675 4.780000 0.000000
676 4.780000 0.000000
677 4.780000 0.000000
678 4.780000 0.000000
679 4.780000 0.418410
680 4.780000 0.000000
681 4.780000 0.000000
682 4.780000 0.000000
683 4.780000 0.000000
684 4.780000 0.000000
685 4.780000 0.418410
686 4.780000 0.000000
687 4.780000 0.000000
688 4.780000 0.000000
689 4.780000 0.000000
690 12.540000 0.318979
691 4.780000 0.000000
692 7.020000 0.854701
693 4.780000 0.000000
694 11.640000 0.171821
695 4.780000 0.000000
696 4.780000 0.000000
697 4.780000 0.000000
698 4.780000 0.000000
699 4.780000 0.000000
700 5.320000 0.375940
701 4.780000 0.000000
702 4.780000 0.000000
703 4.780000 0.000000
704 4.780000 0.000000
705 4.780000 0.000000
706 4.780000 0.000000
707 4.780000 0.000000
708 4.780000 0.000000
709 4.780000 0.000000
710 4.780000 0.000000
711 4.780000 0.000000
712 4.780000 0.000000
713 4.780000 0.000000
714 4.780000 0.000000
715 4.780000 0.000000
716 4.780000 0.000000
717 4.780000 0.000000
718 4.780000 0.000000
719 4.780000 0.418410
720 11.800000 0.508475
721 4.780000 0.000000
722 4.780000 0.000000
723 4.780000 0.000000
724 4.780000 0.000000
725 4.780000 0.000000
726 4.780000 0.000000
727 4.780000 0.000000
728 4.780000 0.418410
729 4.780000 0.000000
730 5.080000 0.393701
731 4.780000 0.418410
732 26.920000 0.074294
733 26.080000 0.076687
734 4.780000 0.000000
735 4.780000 0.000000
736 5.180000 0.386100
737 4.780000 0.000000
738 4.780000 0.000000
739 4.360000 0.458716
740 4.780000 0.000000
741 4.780000 0.000000
742 4.780000 0.000000
743 4.780000 0.000000
744 4.780000 0.000000
745 4.780000 0.000000
746 4.780000 0.000000
747 4.780000 0.000000
748 4.780000 0.000000
749 4.780000 0.418410
750 4.780000 0.000000
751 4.780000 0.000000
752 4.780000 0.000000
753 4.780000 0.000000
754 4.780000 0.000000
755 4.780000 0.000000
756 4.780000 0.000000
757 4.780000 0.000000
758 4.780000 0.000000
759 4.780000 0.000000
760 4.780000 0.418410
761 15.120000 0.264550
762 4.780000 0.000000
763 4.780000 0.000000
764 11.220000 0.178253
765 44.600000 0.224215
766 4.780000 0.000000
767 4.780000 0.000000
768 5.040000 0.396825
769 4.780000 0.000000
770 4.780000 0.000000
771 4.780000 0.000000
772 4.780000 0.000000
773 4.780000 0.000000
774 4.780000 0.000000
775 4.780000 0.000000
776 4.780000 0.000000
777 4.780000 0.000000
778 4.780000 0.000000
779 4.780000 0.000000
780 4.780000 0.000000
781 4.780000 0.000000
782 4.780000 0.000000
783 4.780000 0.000000
784 4.780000 0.000000
785 4.780000 0.418410
786 4.780000 0.000000
787 4.780000 0.000000
788 4.780000 0.000000
789 4.780000 0.000000
790 4.780000 0.000000
791 4.780000 0.000000
792 5.220000 0.383142
793 4.780000 0.418410
794 4.780000 0.000000
795 4.780000 0.000000
796 4.780000 0.000000
797 4.780000 0.000000
798 5.020000 0.398406
799 4.780000 0.000000
800 7.940000 0.251889
801 4.780000 0.000000
802 4.780000 0.000000
803 4.780000 0.000000
804 4.780000 0.000000
805 4.780000 0.000000
806 4.780000 0.000000
807 5.260000 0.380228
808 4.780000 0.000000
809 4.780000 0.418410
810 4.780000 0.000000
811 4.780000 0.000000
812 0.460000 4.347826
813 4.780000 0.000000
814 4.780000 0.000000
815 10.360000 0.386100
816 4.780000 0.000000
817 4.780000 0.000000
818 4.780000 0.000000
819 4.780000 0.000000
820 4.780000 0.000000
821 15.040000 0.265957
822 4.780000 0.000000
823 4.780000 0.000000
824 4.780000 0.000000
825 5.300000 0.377358
826 4.780000 0.000000
827 4.780000 0.000000
828 4.780000 0.418410
829 4.780000 0.000000
830 4.780000 0.000000
831 4.780000 0.000000
832 16.960000 0.117925
833 4.780000 0.000000
834 4.780000 0.000000
835 4.780000 0.000000
836 4.780000 0.000000
837 4.780000 0.000000
838 4.780000 0.000000
839 4.780000 0.000000
840 4.780000 0.000000
841 4.780000 0.000000
842 4.780000 0.000000
843 4.780000 0.000000
844 49.400000 0.080972
845 4.780000 0.000000
846 4.780000 0.000000
847 4.780000 0.000000
848 4.780000 0.000000
849 4.780000 0.418410
850 4.780000 0.000000
851 4.780000 0.418410
852 4.780000 0.000000
853 4.780000 0.000000
854 4.780000 0.000000
855 4.780000 0.000000
856 4.780000 0.000000
857 4.780000 0.000000
858 3.400000 0.588235
859 4.780000 0.000000
860 4.780000 0.000000
861 5.040000 0.396825
862 4.780000 0.000000
863 4.780000 0.000000
864 4.780000 0.000000
865 4.780000 0.000000
866 4.780000 0.000000
867 4.780000 0.000000
868 4.780000 0.000000
869 4.780000 0.000000
870 4.780000 0.000000
871 4.780000 0.000000
872 3.400000 0.588235
873 4.780000 0.000000
874 4.780000 0.000000
875 4.780000 0.000000
876 4.780000 0.000000
877 4.780000 0.000000
878 4.780000 0.000000
879 4.780000 0.418410
880 4.780000 0.000000
881 4.780000 0.000000
882 4.780000 0.000000
883 4.780000 0.000000
884 4.120000 0.485437
885 4.780000 0.418410
886 4.780000 0.000000
887 9.840000 0.203252
888 4.780000 0.000000
889 4.780000 0.000000
890 4.780000 0.000000
891 4.780000 0.000000
892 4.780000 0.000000
893 4.780000 0.000000
894 4.780000 0.000000
895 4.780000 0.418410
896 4.780000 0.418410
897 14.780000 0.270636
898 4.780000 0.000000
899 4.480000 0.446429
900 4.780000 0.000000
901 4.780000 0.000000
902 4.780000 0.000000
903 4.780000 0.000000
904 4.780000 0.000000
905 31.920000 0.187970
906 4.780000 0.000000
907 4.780000 0.000000
908 4.780000 0.000000
909 4.780000 0.000000
910 4.780000 0.000000
911 4.780000 0.000000
912 4.780000 0.000000
913 4.780000 0.000000
914 4.780000 0.418410
915 10.560000 0.378788
916 4.780000 0.000000
917 4.780000 0.418410
918 4.700000 0.425532
919 14.200000 0.281690
920 4.780000 0.000000
921 4.580000 0.436681
922 4.780000 0.000000
923 4.780000 0.000000
924 4.780000 0.000000
925 4.780000 0.000000
926 4.780000 0.000000
927 4.780000 0.000000
928 4.780000 0.000000
929 6.660000 0.900901
930 11.060000 0.361664
931 3.660000 0.000000
932 3.660000 0.000000
933 3.660000 0.000000
934 3.660000 0.000000
935 3.660000 0.000000
936 3.660000 0.000000
937 3.660000 0.000000
938 3.660000 0.000000
939 3.660000 0.000000
940 3.660000 0.000000
941 3.660000 0.000000
942 3.660000 0.000000
943 3.660000 0.546448
944 3.660000 0.000000
945 3.660000 0.000000
946 3.660000 0.000000
947 3.660000 0.000000
948 3.660000 0.000000
949 5.160000 0.387597
950 3.660000 0.000000
951 3.660000 0.000000
952 3.660000 0.000000
953 3.660000 0.000000
954 5.100000 0.784314
955 3.660000 0.000000
956 3.660000 0.000000
957 3.660000 0.000000
958 3.660000 0.000000
959 3.660000 0.000000
960 3.660000 0.000000
961 3.760000 0.531915
962 3.660000 0.546448
963 3.660000 0.000000
964 3.660000 0.000000
965 3.660000 0.000000
966 3.660000 0.000000
967 3.660000 0.000000
968 3.660000 0.000000
969 3.660000 0.000000
970 3.660000 0.000000
971 3.660000 0.546448
972 3.660000 0.000000
973 3.660000 0.546448
974 3.660000 0.000000
975 3.660000 0.000000
976 3.660000 0.000000
977 3.660000 0.000000
978 3.660000 0.546448
979 4.780000 0.418410
980 3.660000 0.546448
981 2.180000 0.917431
982 1.340000 0.000000
983 1.340000 0.000000
984 1.340000 0.000000
985 1.340000 0.000000
986 1.640000 0.000000
987 3.840000 0.000000
988 3.780000 0.529101
989 3.700000 0.540541
990 3.840000 0.000000
991 3.440000 0.000000
992 3.480000 0.000000
993 3.480000 0.000000
994 3.480000 0.000000
995 3.480000 0.000000
996 4.880000 0.409836
997 4.620000 0.000000
998 4.620000 0.000000
999 4.620000 0.000000
1000 3.480000 0.000000
1001 3.520000 0.000000
1002 2.140000 1.869159
1003 4.400000 0.000000
1004 2.620000 0.000000
1005 2.620000 0.763359
1006 3.100000 0.000000
1007 3.100000 0.000000
1008 3.080000 0.000000
1009 3.080000 0.000000
1010 3.100000 0.000000
1011 3.100000 0.000000
1012 3.100000 0.000000
1013 3.080000 0.649351
1014 3.100000 0.000000
1015 3.080000 0.000000
1016 3.100000 0.000000
1017 3.080000 0.000000
1018 3.100000 0.000000
1019 3.100000 0.000000
1020 3.080000 0.000000
1021 3.100000 0.000000
1022 3.080000 0.000000
1023 3.100000 0.000000
1024 3.100000 0.000000
1025 3.080000 0.000000
1026 3.100000 0.000000
1027 3.100000 0.000000
1028 3.080000 0.000000
1029 3.100000 0.000000
1030 3.100000 0.000000
1031 3.100000 0.000000
1032 3.560000 0.561798
1033 3.100000 0.000000
1034 3.100000 0.000000
1035 3.100000 0.000000
1036 3.100000 0.000000
1037 3.080000 0.000000
1038 3.100000 0.000000
1039 3.100000 0.000000
1040 3.100000 0.000000
1041 3.100000 0.000000
1042 3.100000 0.000000
1043 3.040000 0.657895
1044 3.100000 0.000000
1045 3.100000 0.000000
1046 3.100000 0.000000
1047 3.100000 0.000000
1048 3.100000 0.000000
1049 3.860000 1.036269
1050 3.100000 0.000000
1051 3.100000 0.000000
1052 3.100000 0.000000
1053 3.100000 0.000000
1054 3.100000 0.000000
1055 3.100000 0.000000
1056 3.100000 0.000000
1057 3.100000 0.000000
1058 3.100000 0.000000
1059 3.100000 0.645161
1060 3.100000 0.645161
1061 3.100000 0.000000
1062 3.100000 0.000000
1063 3.100000 0.000000
1064 2.220000 0.900901
1065 3.100000 0.000000
1066 2.340000 0.000000
1067 2.340000 0.854701
1068 1.340000 1.492537
1069 2.340000 0.000000
1070 2.340000 0.000000
1071 2.340000 0.000000
1072 3.760000 0.000000
1073 10.380000 0.000000
1074 6.560000 0.609756
1075 4.380000 0.456621
1076 10.380000 0.000000
1077 10.380000 0.192678
1078 10.380000 0.000000
1079 10.380000 0.192678
1080 10.380000 0.000000
1081 9.720000 0.205761
1082 5.540000 0.361011
1083 10.380000 0.000000
1084 10.380000 0.000000
1085 10.380000 0.000000
1086 10.380000 0.192678
1087 10.380000 0.000000
1088 10.380000 0.000000
1089 10.380000 0.000000
1090 10.380000 0.000000
1091 10.380000 0.192678
1092 10.220000 0.195695
1093 10.220000 0.000000
1094 11.980000 0.333890
1095 10.660000 0.187617
1096 6.240000 0.320513
1097 10.220000 0.000000
1098 10.220000 0.000000
1099 5.400000 0.370370
1100 10.220000 0.000000
1101 10.220000 0.000000
1102 10.220000 0.000000
1103 10.220000 0.000000
1104 10.220000 0.000000
1105 10.220000 0.391389
1106 4.940000 0.404858
1107 10.220000 0.195695
1108 4.220000 0.473934
1109 10.220000 0.000000
1110 10.220000 0.195695
1111 10.220000 0.195695
1112 10.220000 0.000000
1113 10.220000 0.000000
1114 10.220000 0.000000
1115 10.220000 0.000000
1116 10.220000 0.000000
1117 10.220000 0.000000
1118 10.220000 0.000000
1119 10.220000 0.391389
1120 10.540000 0.189753
1121 10.220000 0.000000
1122 10.220000 0.195695
1123 10.400000 0.384615
1124 9.420000 0.636943
1125 10.220000 0.000000
1126 10.480000 0.381679
1127 10.220000 0.000000
1128 13.920000 0.143678
1129 10.220000 0.000000
1130 10.220000 0.000000
1131 10.220000 0.195695
1132 10.220000 0.000000
1133 6.160000 0.324675
1134 5.580000 0.358423
1135 10.220000 0.195695
1136 10.220000 0.195695
1137 9.900000 0.202020
1138 10.220000 0.000000
1139 10.220000 0.195695
1140 10.220000 0.000000
1141 10.220000 0.000000
1142 3.000000 0.666667
1143 10.220000 0.000000
1144 10.220000 0.000000
1145 10.220000 0.000000
1146 10.220000 0.000000
1147 5.560000 0.359712
1148 10.220000 0.000000
1149 10.220000 0.000000
1150 7.120000 0.280899
1151 10.220000 0.000000
1152 5.480000 1.094891
1153 10.260000 0.000000
1154 10.260000 0.000000
1155 10.260000 0.194932
1156 10.260000 0.000000
1157 10.260000 0.000000
1158 10.260000 0.000000
1159 10.260000 0.000000
1160 10.260000 0.000000
1161 10.260000 0.000000
1162 10.260000 0.389864
1163 18.140000 0.110254
1164 10.260000 0.000000
1165 12.840000 0.155763
1166 10.260000 0.000000
1167 10.180000 0.000000
1168 11.200000 0.000000
1169 10.180000 0.000000
1170 8.720000 0.000000
1171 6.440000 0.621118
1172 8.720000 0.000000
1173 8.700000 0.000000
1174 4.600000 0.434783
1175 10.220000 0.000000
1176 10.220000 0.195695
1177 10.220000 0.000000
1178 10.220000 0.000000
1179 10.220000 0.000000
1180 4.560000 0.438596
1181 10.220000 0.587084
1182 10.220000 0.195695
1183 10.220000 0.000000
1184 10.220000 0.000000
1185 8.840000 0.452489
1186 10.220000 0.000000
1187 10.220000 0.000000
1188 10.220000 0.195695
1189 10.220000 0.000000
1190 10.220000 0.391389
1191 10.220000 0.195695
1192 10.220000 0.195695
1193 10.220000 0.391389
1194 10.220000 0.195695
1195 10.220000 0.195695
1196 10.220000 0.000000
1197 10.220000 0.195695
1198 10.220000 0.000000
1199 10.180000 0.196464
1200 10.220000 0.000000
1201 10.220000 0.000000
1202 10.220000 0.000000
1203 10.220000 0.000000
1204 10.220000 0.000000
1205 10.220000 0.000000
1206 10.220000 0.195695
1207 10.220000 0.000000
1208 5.120000 0.390625
1209 10.220000 0.000000
1210 8.100000 0.246914
1211 10.220000 0.195695
1212 10.220000 0.000000
1213 10.280000 0.389105
1214 10.280000 0.389105
1215 10.220000 0.195695
1216 10.220000 0.000000
1217 10.220000 0.000000
1218 10.220000 0.000000
1219 10.220000 0.000000
1220 10.220000 0.000000
1221 10.220000 0.000000
1222 10.220000 0.000000
1223 17.860000 0.111982
1224 10.220000 0.000000
1225 10.220000 0.000000
1226 10.220000 0.000000
1227 10.220000 0.195695
1228 4.660000 0.429185
1229 10.220000 0.000000
1230 10.220000 0.000000
1231 10.220000 0.195695
1232 10.220000 0.000000
1233 10.220000 0.000000
1234 10.220000 0.000000
1235 7.700000 0.519481
1236 10.220000 0.000000
1237 10.220000 0.000000
1238 10.220000 0.000000
1239 10.220000 0.000000
1240 10.220000 0.000000
1241 10.220000 0.000000
1242 10.840000 0.184502
1243 10.220000 0.000000
1244 3.880000 1.030928
1245 10.220000 0.000000
1246 10.220000 0.000000
1247 10.220000 0.000000
1248 10.220000 0.000000
1249 10.220000 0.000000
1250 10.220000 0.000000
1251 10.200000 0.196078
1252 4.400000 0.454545
1253 5.080000 0.393701
1254 10.220000 0.195695
1255 10.220000 0.000000
1256 10.220000 0.000000
1257 10.220000 0.195695
1258 10.220000 0.000000
1259 10.220000 0.000000
1260 10.220000 0.000000
1261 4.700000 0.851064
1262 10.220000 0.195695
1263 10.220000 0.195695
1264 10.220000 0.195695
1265 10.220000 0.000000
1266 10.220000 0.000000
1267 10.220000 0.000000
1268 10.220000 0.000000
1269 10.220000 0.000000
1270 10.220000 0.000000
1271 9.900000 0.202020
1272 16.280000 0.491400
1273 10.220000 0.000000
1274 10.220000 0.000000
1275 17.320000 0.346420
1276 4.200000 0.476190
1277 10.220000 0.000000
1278 10.220000 0.195695
1279 10.220000 0.000000
1280 10.220000 0.000000
1281 10.220000 0.000000
1282 10.220000 0.000000
1283 9.980000 0.200401
1284 10.220000 0.000000
1285 10.220000 0.000000
1286 2.920000 1.369863
1287 10.220000 0.195695
1288 10.220000 0.000000
1289 10.220000 0.000000
1290 10.220000 0.000000
1291 10.220000 0.000000
1292 10.220000 0.000000
1293 10.220000 0.000000
1294 5.240000 0.763359
1295 4.440000 0.450450
1296 10.220000 0.000000
1297 10.220000 0.000000
1298 10.220000 0.000000
1299 10.220000 0.000000
1300 10.220000 0.000000
1301 14.520000 0.137741
1302 2.980000 0.671141
1303 10.220000 0.000000
1304 10.220000 0.000000
1305 6.940000 0.288184
1306 10.980000 0.182149
1307 10.220000 0.000000
1308 10.220000 0.195695
1309 10.220000 0.000000
1310 10.220000 0.000000
1311 10.220000 0.000000
1312 10.220000 0.000000
1313 10.480000 0.190840
1314 10.220000 0.000000
1315 5.400000 0.370370
1316 10.220000 0.195695
1317 10.220000 0.000000
1318 10.220000 0.195695
1319 11.860000 0.168634
1320 10.220000 0.000000
1321 10.220000 0.195695
1322 10.220000 0.000000
1323 10.220000 0.000000
1324 10.220000 0.000000
1325 10.220000 0.000000
1326 4.800000 0.833333
1327 10.220000 0.000000
1328 10.220000 0.000000
1329 10.220000 0.195695
1330 10.220000 0.195695
1331 10.220000 0.195695
1332 10.220000 0.000000
1333 10.220000 0.000000
1334 10.220000 0.000000
1335 10.220000 0.000000
1336 10.220000 0.000000
1337 10.220000 0.000000
1338 10.220000 0.000000
1339 10.220000 0.000000
1340 10.220000 0.000000
1341 10.220000 0.000000
1342 10.220000 0.000000
1343 10.220000 0.000000
1344 10.220000 0.391389
1345 10.220000 0.000000
1346 10.220000 0.000000
1347 10.220000 0.000000
1348 10.220000 0.000000
1349 10.220000 0.000000
1350 10.220000 0.195695
1351 10.220000 0.000000
1352 10.220000 0.000000
1353 10.160000 0.196850
1354 10.220000 0.195695
1355 10.220000 0.000000
1356 5.340000 0.374532
1357 10.220000 0.000000
1358 11.000000 0.181818
1359 2.660000 0.751880
1360 10.220000 0.000000
1361 10.220000 0.000000
1362 10.220000 0.000000
1363 10.220000 0.000000
1364 10.220000 0.000000
1365 10.220000 0.000000
1366 10.220000 0.195695
1367 10.220000 0.000000
1368 10.220000 0.195695
1369 10.220000 0.000000
1370 10.480000 0.190840
1371 10.220000 0.000000
1372 11.960000 0.501672
1373 9.120000 0.657895
1374 10.220000 0.000000
1375 10.220000 0.000000
1376 10.220000 0.000000
1377 10.220000 0.000000
1378 10.220000 0.000000
1379 10.220000 0.195695
1380 10.220000 0.195695
1381 10.220000 0.000000
1382 10.220000 0.000000
1383 5.600000 0.357143
1384 10.220000 0.000000
1385 10.220000 0.195695
1386 10.060000 0.198807
1387 5.100000 0.392157
1388 8.680000 0.230415
1389 10.220000 0.195695
1390 10.220000 0.195695
1391 8.660000 0.230947
1392 10.220000 0.000000
1393 10.220000 0.000000
1394 10.220000 0.195695
1395 10.220000 0.000000
1396 10.480000 0.190840
1397 10.220000 0.195695
1398 10.220000 0.000000
1399 10.220000 0.195695
1400 10.220000 0.000000
1401 10.220000 0.000000
1402 10.220000 0.195695
1403 10.220000 0.000000
1404 10.220000 0.000000
1405 4.540000 0.440529
1406 10.220000 0.000000
1407 10.220000 0.000000
1408 10.220000 0.000000
1409 10.000000 0.200000
1410 6.080000 0.328947
1411 10.220000 0.000000
1412 4.520000 0.442478
1413 10.220000 0.000000
1414 10.220000 0.000000
1415 10.220000 0.195695
1416 10.220000 0.000000
1417 10.220000 0.000000
1418 10.220000 0.000000
1419 10.220000 0.195695
1420 10.220000 0.000000
1421 10.220000 0.195695
1422 10.220000 0.000000
1423 10.220000 0.000000
1424 10.220000 0.195695
1425 10.220000 0.000000
1426 10.220000 0.000000
1427 10.220000 0.195695
1428 10.220000 0.000000
1429 10.220000 0.000000
1430 10.980000 0.182149
1431 10.220000 0.195695
1432 4.800000 0.416667
1433 10.220000 0.195695
1434 10.220000 0.391389
1435 10.220000 0.000000
1436 9.800000 0.204082
1437 10.220000 0.000000
1438 10.220000 0.195695
1439 10.220000 0.000000
1440 10.220000 0.000000
1441 10.220000 0.000000
1442 10.220000 0.000000
1443 10.220000 0.195695
1444 10.220000 0.000000
1445 9.840000 0.203252
1446 10.220000 0.000000
1447 10.220000 0.000000
1448 10.220000 0.000000
1449 10.220000 0.000000
1450 10.220000 0.000000
1451 10.220000 0.195695
1452 10.220000 0.000000
1453 18.000000 0.111111
1454 10.220000 0.000000
1455 10.220000 0.000000
1456 10.220000 0.195695
1457 5.240000 0.381679
1458 10.220000 0.000000
1459 10.200000 0.196078
1460 10.220000 0.000000
1461 10.220000 0.000000
1462 10.220000 0.391389
1463 10.220000 0.000000
1464 9.040000 0.442478
1465 10.220000 0.000000
1466 10.220000 0.000000
1467 10.220000 0.000000
1468 9.020000 0.221729
1469 10.220000 0.000000
1470 10.220000 0.195695
1471 10.220000 0.195695
1472 10.220000 0.000000
1473 24.600000 0.243902
1474 10.220000 0.000000
1475 10.220000 0.000000
1476 10.220000 0.000000
1477 10.220000 0.000000
1478 10.220000 0.195695
1479 10.220000 0.000000
1480 10.220000 0.195695
1481 10.220000 0.000000
1482 10.220000 0.000000
1483 10.220000 0.000000
1484 10.220000 0.195695
1485 10.220000 0.195695
1486 10.220000 0.391389
1487 13.100000 0.152672
1488 10.220000 0.000000
1489 10.220000 0.195695
1490 10.220000 0.000000
1491 10.220000 0.000000
1492 7.380000 0.271003
1493 10.220000 0.000000
1494 5.600000 0.357143
1495 10.220000 0.000000
1496 9.280000 0.215517
1497 10.220000 0.000000
1498 3.500000 1.142857
1499 10.120000 0.197628
1500 10.220000 0.000000
1501 10.220000 0.000000
1502 10.220000 0.195695
1503 10.220000 0.195695
1504 10.220000 0.000000
1505 10.220000 0.000000
1506 10.220000 0.000000
1507 10.220000 0.000000
1508 10.220000 0.000000
1509 10.220000 0.000000
1510 10.220000 0.000000
1511 10.220000 0.195695
1512 10.220000 0.000000
1513 10.220000 0.000000
1514 10.220000 0.000000
1515 6.200000 0.322581
1516 10.220000 0.195695
1517 10.220000 0.000000
1518 10.220000 0.000000
1519 5.440000 0.367647
1520 10.220000 0.000000
1521 10.220000 0.000000
1522 10.220000 0.195695
1523 10.220000 0.000000
1524 9.720000 0.205761
1525 10.220000 0.000000
1526 10.220000 0.195695
1527 10.220000 0.000000
1528 11.360000 0.176056
1529 10.220000 0.000000
1530 10.220000 0.000000
1531 10.220000 0.000000
1532 10.220000 0.000000
1533 10.220000 0.000000
1534 9.160000 0.218341
1535 10.220000 0.000000
1536 10.220000 0.000000
1537 10.220000 0.000000
1538 10.220000 0.000000
1539 10.220000 0.000000
1540 10.220000 0.000000
1541 0.460000 4.347826
1542 0.460000 0.000000
1543 16.820000 0.000000
1544 10.220000 0.000000
1545 10.220000 0.000000
1546 10.220000 0.000000
1547 10.220000 0.195695
1548 10.220000 0.195695
1549 14.700000 0.136054
1550 10.220000 0.000000
1551 10.220000 0.000000
1552 10.580000 0.189036
1553 10.220000 0.000000
1554 10.220000 0.000000
1555 10.400000 0.192308
1556 10.220000 0.000000
1557 10.220000 0.000000
1558 10.220000 0.000000
1559 10.260000 0.389864
1560 4.840000 0.413223
1561 7.560000 0.264550
1562 10.220000 0.000000
1563 10.220000 0.000000
1564 10.220000 0.000000
1565 8.680000 0.230415
1566 3.480000 0.574713
1567 10.220000 0.587084
1568 10.220000 0.000000
1569 10.220000 0.195695
1570 10.220000 0.195695
1571 10.220000 0.000000
1572 10.220000 0.195695
1573 6.420000 0.311526
1574 4.800000 0.833333
1575 10.220000 0.000000
1576 10.220000 0.000000
1577 5.520000 0.362319
1578 10.220000 0.000000
1579 10.220000 0.000000
1580 10.220000 0.000000
1581 10.220000 0.000000
1582 10.220000 0.195695
1583 10.220000 0.000000
1584 10.220000 0.195695
1585 10.220000 0.000000
1586 10.220000 0.000000
1587 10.220000 0.000000
1588 10.480000 0.190840
1589 10.220000 0.000000
1590 7.240000 0.276243
1591 10.220000 0.195695
1592 5.380000 0.743494
1593 10.220000 0.000000
1594 10.220000 0.000000
1595 10.220000 0.195695
1596 5.200000 0.384615
1597 11.460000 0.174520
1598 10.220000 0.195695
1599 10.220000 0.195695
1600 4.400000 0.454545
1601 10.220000 0.000000
1602 10.220000 0.000000
1603 5.340000 0.374532
1604 10.220000 0.000000
1605 10.220000 0.195695
1606 10.220000 0.195695
1607 10.220000 0.391389
1608 9.700000 0.206186
1609 10.220000 0.000000
1610 10.220000 0.000000
1611 5.600000 0.714286
1612 10.220000 0.000000
1613 10.220000 0.000000
1614 10.220000 0.000000
1615 10.220000 0.000000
1616 10.220000 0.195695
1617 10.220000 0.000000
1618 10.220000 0.195695
1619 10.220000 0.195695
1620 10.220000 0.195695
1621 10.220000 0.000000
1622 10.220000 0.000000
1623 10.220000 0.000000
1624 10.220000 0.000000
1625 10.220000 0.000000
1626 10.220000 0.000000
1627 10.220000 0.195695
1628 10.820000 0.369686
1629 10.220000 0.000000
1630 11.220000 0.356506
1631 11.540000 0.346620
1632 13.360000 0.149701
1633 10.220000 0.000000
1634 10.220000 0.000000
1635 10.220000 0.195695
1636 3.700000 0.540541
1637 10.220000 0.000000
1638 10.220000 0.000000
1639 13.560000 0.294985
1640 10.220000 0.000000
1641 10.220000 0.000000
1642 10.220000 0.000000
1643 10.220000 0.000000
1644 10.960000 0.182482
1645 10.220000 0.000000
1646 10.220000 0.000000
1647 10.280000 0.194553
1648 10.220000 0.195695
1649 10.220000 0.000000
1650 10.220000 0.000000
1651 10.220000 0.000000
1652 10.220000 0.000000
1653 10.220000 0.000000
1654 10.520000 0.190114
1655 24.600000 0.081301
1656 4.040000 0.495050
1657 10.360000 0.193050
1658 10.220000 0.000000
1659 10.220000 0.195695
1660 5.360000 0.373134
1661 10.220000 0.195695
1662 10.220000 0.000000
1663 10.220000 0.000000
1664 3.700000 0.540541
1665 10.220000 0.000000
1666 13.900000 0.143885
1667 10.220000 0.000000
1668 10.220000 0.195695
1669 10.220000 0.000000
1670 8.980000 0.222717
1671 10.220000 0.000000
1672 10.220000 0.000000
1673 10.220000 0.000000
1674 3.040000 1.315789
1675 10.220000 0.195695
1676 10.220000 0.000000
1677 10.220000 0.000000
1678 10.220000 0.000000
1679 10.220000 0.000000
1680 10.220000 0.000000
1681 10.220000 0.000000
1682 9.580000 0.208768
1683 10.220000 0.000000
1684 12.740000 0.156986
1685 10.220000 0.000000
1686 10.140000 0.197239
1687 10.220000 0.000000
1688 10.220000 0.195695
1689 10.220000 0.195695
1690 10.220000 0.000000
1691 10.220000 0.000000
1692 10.220000 0.000000
1693 1.700000 1.176471
1694 12.700000 0.157480
1695 3.800000 0.000000
1696 3.800000 0.000000
1697 3.800000 0.000000
1698 3.800000 0.000000
1699 3.800000 0.000000
1700 3.800000 0.000000
1701 3.800000 0.000000
1702 3.800000 0.000000
1703 3.800000 0.000000
1704 3.800000 0.000000
1705 3.800000 0.000000
1706 3.800000 0.000000
1707 3.800000 0.000000
1708 3.800000 0.000000
1709 3.800000 0.000000
1710 3.800000 0.000000
1711 3.800000 0.000000
1712 3.800000 0.000000
1713 4.000000 0.500000
1714 3.800000 0.000000
1715 3.800000 0.000000
1716 3.800000 0.000000
1717 3.800000 0.000000
1718 3.800000 0.000000
1719 4.280000 0.467290
1720 3.800000 0.000000
1721 3.800000 0.000000
1722 3.800000 0.000000
1723 3.800000 0.000000
1724 3.800000 0.000000
1725 3.600000 0.555556
1726 3.800000 0.000000
1727 3.800000 0.000000
1728 3.800000 0.000000
1729 3.800000 0.000000
1730 3.800000 0.000000
1731 3.800000 0.000000
1732 0.540000 7.407407
1733 7.980000 0.000000
1734 10.220000 0.195695
1735 10.220000 0.195695
1736 10.220000 0.195695
1737 10.220000 0.000000
1738 10.200000 0.196078
1739 10.220000 0.000000
1740 6.420000 0.311526
1741 12.000000 0.500000
1742 10.220000 0.195695
1743 10.220000 0.000000
1744 10.220000 0.000000
1745 10.220000 0.195695
1746 10.220000 0.000000
1747 10.220000 0.195695
1748 4.520000 0.442478
1749 10.220000 0.000000
1750 10.220000 0.000000
1751 10.220000 0.195695
1752 10.220000 0.000000
1753 5.080000 0.393701
1754 10.220000 0.000000
