0 0.180000 0.000000
1 0.180000 0.000000
2 0.180000 0.000000
3 0.240000 0.000000
4 0.260000 0.000000
5 0.780000 0.000000
6 0.640000 0.000000
7 4.320000 0.000000
8 4.320000 0.000000
9 4.340000 0.000000
10 4.360000 0.000000
11 4.480000 0.000000
12 4.540000 0.000000
13 4.680000 0.000000
14 4.340000 0.000000
15 4.360000 0.000000
16 4.340000 0.000000
17 4.500000 0.000000
18 10.440000 0.191571
19 6.280000 0.000000
20 7.740000 0.258398
21 6.160000 0.000000
22 5.160000 0.000000
23 3.520000 0.568182
24 10.100000 0.396040
25 5.100000 0.000000
26 5.080000 0.000000
27 5.480000 0.364964
28 5.020000 0.398406
29 5.920000 0.000000
30 5.120000 0.000000
31 5.860000 0.341297
32 4.060000 0.000000
33 8.420000 0.000000
34 0.540000 0.000000
35 0.180000 0.000000
36 3.500000 0.000000
37 1.440000 0.000000
38 7.240000 0.000000
39 4.600000 0.000000
40 3.340000 0.000000
41 2.820000 0.000000
42 0.180000 0.000000
43 1.640000 0.000000
44 0.180000 0.000000
45 0.780000 0.000000
46 0.540000 0.000000
47 0.780000 0.000000
48 2.860000 0.000000
49 1.980000 1.010101
50 1.760000 0.000000
51 2.340000 0.000000
52 3.200000 0.000000
53 1.460000 0.000000
54 1.020000 0.000000
55 0.180000 0.000000
56 0.180000 0.000000
57 0.180000 0.000000
58 0.180000 0.000000
59 0.180000 0.000000
60 0.180000 0.000000
61 1.680000 0.000000
62 3.300000 0.000000
63 9.480000 0.000000
64 11.780000 0.339559
65 9.320000 0.214592
66 11.700000 0.000000
67 18.020000 0.332963
68 3.760000 0.000000
69 2.660000 0.000000
70 3.560000 0.000000
71 3.840000 0.520833
72 3.860000 0.000000
73 3.860000 0.000000
74 3.860000 0.000000
75 3.860000 0.000000
76 3.860000 0.000000
77 3.860000 0.518135
78 3.860000 0.518135
79 3.820000 0.000000
80 3.860000 0.000000
81 3.860000 0.000000
82 3.860000 0.000000
83 6.180000 0.000000
84 5.860000 0.000000
85 5.860000 0.000000
86 3.800000 0.000000
87 3.800000 0.000000
88 3.800000 0.000000
89 3.800000 0.000000
90 3.800000 0.000000
91 3.800000 0.000000
92 3.800000 0.000000
93 3.800000 0.000000
94 3.800000 0.000000
95 3.800000 0.000000
96 3.800000 0.000000
97 3.980000 0.502513
98 4.380000 0.000000
99 3.880000 0.000000
100 3.880000 0.000000
101 3.840000 0.000000
102 3.900000 0.000000
103 3.800000 0.000000
104 3.800000 0.000000
105 3.800000 0.000000
106 3.800000 0.000000
107 3.800000 0.000000
108 3.800000 0.000000
109 3.800000 0.000000
110 3.800000 0.000000
111 3.800000 0.000000
112 3.800000 0.000000
113 3.800000 0.000000
114 3.800000 0.000000
115 3.800000 0.526316
116 3.800000 0.000000
117 3.800000 0.000000
118 3.800000 0.000000
119 3.760000 0.531915
120 5.380000 0.000000
121 13.060000 0.000000
122 11.720000 0.000000
123 11.720000 0.000000
124 17.100000 0.233918
125 5.400000 0.000000
126 4.020000 0.000000
127 4.020000 0.000000
128 4.020000 0.000000
129 4.020000 0.000000
130 4.020000 0.000000
131 4.020000 0.000000
132 4.020000 0.000000
133 4.020000 0.000000
134 11.080000 0.000000
135 11.080000 0.000000
136 11.080000 0.000000
137 11.080000 0.000000
138 6.000000 1.000000
139 11.080000 0.000000
140 11.080000 0.180505
141 11.080000 0.000000
142 11.080000 0.000000
143 10.540000 0.189753
144 11.360000 0.000000
145 9.820000 0.407332
146 2.420000 0.000000
147 0.780000 0.000000
148 1.460000 0.000000
149 1.420000 0.000000
150 1.620000 0.000000
151 1.460000 0.000000
152 1.900000 0.000000
153 1.500000 0.000000
154 1.400000 0.000000
155 1.800000 0.000000
156 1.440000 0.000000
157 1.820000 0.000000
158 1.820000 0.000000
159 1.820000 0.000000
160 1.880000 0.000000
161 1.820000 0.000000
162 1.820000 0.000000
163 1.820000 0.000000
164 1.640000 0.000000
165 1.800000 0.000000
166 1.800000 0.000000
167 1.820000 0.000000
168 1.800000 0.000000
169 1.800000 1.111111
170 0.780000 0.000000
171 0.780000 0.000000
172 3.280000 0.000000
173 3.200000 0.000000
174 6.060000 0.000000
175 4.840000 0.000000
176 4.840000 0.000000
177 4.840000 0.000000
178 4.860000 0.000000
179 4.860000 0.000000
180 4.860000 0.411523
181 4.860000 0.000000
182 2.220000 0.900901
183 0.780000 0.000000
184 0.720000 0.000000
185 0.720000 0.000000
186 1.420000 0.000000
187 4.600000 0.000000
188 4.600000 0.000000
189 4.300000 1.395349
190 5.220000 0.000000
191 11.080000 0.180505
192 10.800000 0.185185
193 10.920000 0.183150
194 10.520000 0.000000
195 10.520000 0.000000
196 10.820000 0.369686
197 13.240000 0.302115
198 11.380000 0.175747
199 6.360000 0.314465
200 10.920000 0.000000
201 10.420000 0.000000
202 11.380000 0.175747
203 11.960000 0.167224
204 3.980000 0.000000
205 5.020000 0.796813
206 4.240000 0.000000
207 2.220000 0.000000
208 4.060000 0.000000
209 3.280000 0.609756
210 3.340000 0.598802
211 5.540000 0.000000
212 5.640000 0.000000
213 5.640000 0.000000
214 5.220000 0.000000
215 12.100000 0.000000
216 2.000000 0.000000
217 1.280000 0.000000
218 1.300000 0.000000
219 1.260000 0.000000
220 1.260000 0.000000
221 1.260000 0.000000
222 2.500000 0.000000
223 2.320000 0.000000
224 1.720000 0.000000
225 1.720000 0.000000
226 1.720000 0.000000
227 1.280000 0.000000
228 1.260000 0.000000
229 1.820000 0.000000
230 1.820000 0.000000
231 2.220000 0.900901
232 1.300000 0.000000
233 1.300000 0.000000
234 0.520000 0.000000
235 11.140000 0.359066
236 14.240000 0.140449
237 14.220000 0.000000
238 14.240000 0.000000
239 13.920000 0.431034
240 5.960000 0.000000
241 0.840000 0.000000
242 0.520000 0.000000
243 0.340000 0.000000
244 1.000000 0.000000
245 0.540000 0.000000
246 1.040000 0.000000
247 2.980000 0.000000
248 1.300000 0.000000
249 1.300000 0.000000
250 1.060000 1.886792
251 3.280000 0.000000
252 4.800000 0.000000
253 9.000000 0.000000
254 5.020000 0.398406
255 5.940000 0.000000
256 6.980000 0.286533
257 7.120000 0.000000
258 3.200000 0.000000
259 0.340000 0.000000
260 0.280000 0.000000
261 0.340000 0.000000
262 0.340000 0.000000
263 4.260000 0.000000
264 1.300000 0.000000
265 1.300000 0.000000
266 1.300000 0.000000
267 1.300000 0.000000
268 1.300000 1.538462
269 1.300000 0.000000
270 1.300000 0.000000
271 3.060000 0.000000
272 9.500000 0.000000
273 9.500000 0.000000
274 9.500000 0.000000
275 9.500000 0.000000
276 2.600000 0.769231
277 1.300000 0.000000
278 1.300000 0.000000
279 1.300000 0.000000
280 1.300000 0.000000
281 1.300000 0.000000
282 1.300000 0.000000
283 1.300000 0.000000
284 1.300000 0.000000
285 1.300000 0.000000
286 1.300000 0.000000
287 1.300000 0.000000
288 1.300000 0.000000
289 0.340000 0.000000
290 1.800000 0.000000
291 1.320000 1.515152
292 0.540000 0.000000
293 1.860000 0.000000
294 1.420000 0.000000
295 1.380000 0.000000
296 0.540000 0.000000
297 0.800000 0.000000
298 1.420000 0.000000
299 1.060000 1.886792
300 0.780000 0.000000
301 1.320000 0.000000
302 1.320000 0.000000
303 1.320000 0.000000
304 1.320000 0.000000
305 1.320000 0.000000
306 1.320000 0.000000
307 1.320000 0.000000
308 1.320000 0.000000
309 1.320000 0.000000
310 1.320000 0.000000
311 1.320000 0.000000
312 1.320000 0.000000
313 1.320000 0.000000
314 1.320000 0.000000
315 1.320000 0.000000
316 1.320000 0.000000
317 1.320000 0.000000
318 1.320000 0.000000
319 1.320000 0.000000
320 1.320000 0.000000
321 1.320000 0.000000
322 1.320000 0.000000
323 1.320000 0.000000
324 1.320000 0.000000
325 1.320000 0.000000
326 1.320000 0.000000
327 1.320000 0.000000
328 1.320000 0.000000
329 1.320000 0.000000
330 1.320000 0.000000
331 1.320000 0.000000
332 1.320000 0.000000
333 1.320000 0.000000
334 1.320000 0.000000
335 1.320000 0.000000
336 1.320000 0.000000
337 1.320000 0.000000
338 1.320000 0.000000
339 1.300000 1.538462
340 1.320000 0.000000
341 1.320000 0.000000
342 1.320000 0.000000
343 1.620000 1.234568
344 7.260000 0.000000
345 3.700000 0.000000
346 3.700000 0.000000
347 3.700000 0.000000
348 3.700000 0.000000
349 3.540000 0.000000
350 3.540000 0.000000
351 3.540000 0.000000
352 3.540000 0.000000
353 5.380000 0.000000
354 5.240000 0.000000
355 3.540000 0.000000
356 3.540000 0.000000
357 3.160000 0.632911
358 3.460000 0.000000
359 3.540000 0.000000
360 2.880000 0.000000
361 2.880000 0.000000
362 3.460000 0.000000
363 3.540000 0.000000
364 3.540000 0.000000
365 3.540000 0.000000
366 3.540000 0.000000
367 3.560000 0.561798
368 3.500000 1.142857
369 4.080000 0.000000
370 4.080000 0.000000
371 4.080000 0.000000
372 4.080000 0.000000
373 4.080000 0.000000
374 8.900000 0.224719
375 4.080000 0.000000
376 4.080000 0.000000
377 4.080000 0.490196
378 4.080000 0.000000
379 4.080000 0.000000
380 4.080000 0.000000
381 4.080000 0.000000
382 4.080000 0.000000
383 4.080000 0.490196
384 4.540000 0.000000
385 4.080000 0.490196
386 4.080000 0.000000
387 4.080000 0.000000
388 4.080000 0.000000
389 4.080000 0.490196
390 4.080000 0.000000
391 4.080000 0.000000
392 4.080000 0.000000
393 4.080000 0.490196
394 4.080000 0.000000
395 3.060000 0.653595
396 3.540000 0.000000
397 3.220000 0.000000
398 3.040000 0.000000
399 2.400000 0.000000
400 2.960000 0.675676
401 16.860000 0.118624
402 10.160000 0.590551
403 18.560000 0.000000
404 25.240000 0.158479
405 18.560000 0.000000
406 18.560000 0.000000
407 15.780000 0.126743
408 18.540000 0.107875
409 15.080000 0.265252
410 12.580000 0.000000
411 8.080000 0.742574
412 7.080000 0.000000
413 3.720000 0.000000
414 2.040000 0.000000
415 2.040000 0.000000
416 2.120000 0.943396
417 2.040000 0.000000
418 8.220000 0.243309
419 3.440000 0.581395
420 4.380000 0.000000
421 2.280000 0.000000
422 2.040000 0.000000
423 8.540000 0.234192
424 4.340000 0.000000
425 7.320000 0.000000
426 7.320000 0.000000
427 7.320000 0.000000
428 8.240000 0.242718
429 3.300000 0.000000
430 7.320000 0.000000
431 7.220000 0.000000
432 7.100000 0.000000
433 5.940000 0.336700
434 8.060000 0.248139
435 7.100000 0.000000
436 7.100000 0.000000
437 4.540000 0.440529
438 7.080000 0.282486
439 7.320000 0.000000
440 7.300000 0.000000
441 7.240000 0.000000
442 7.240000 0.000000
443 7.300000 0.000000
444 7.320000 0.000000
445 5.800000 0.344828
446 4.300000 0.000000
447 4.300000 0.000000
448 6.600000 0.000000
449 5.000000 0.000000
450 5.000000 0.000000
451 4.720000 1.271186
452 5.060000 0.790514
453 3.920000 0.000000
454 3.680000 0.000000
455 5.000000 0.000000
456 4.080000 0.000000
457 5.140000 0.000000
458 4.880000 0.000000
459 1.080000 0.000000
460 1.280000 0.000000
461 0.500000 0.000000
462 0.260000 0.000000
463 0.240000 0.000000
464 1.000000 0.000000
465 0.460000 0.000000
466 0.540000 0.000000
467 0.540000 0.000000
468 1.000000 0.000000
469 0.320000 0.000000
470 0.320000 0.000000
471 0.320000 0.000000
472 2.960000 0.000000
473 7.200000 0.277778
474 7.200000 0.000000
475 7.700000 0.000000
476 7.700000 0.000000
477 6.040000 0.000000
478 5.720000 0.000000
479 6.040000 0.000000
480 5.720000 0.000000
481 6.680000 0.000000
482 6.680000 0.000000
483 6.680000 0.000000
484 7.700000 0.000000
485 6.880000 0.872093
486 7.720000 0.000000
487 3.940000 0.507614
488 5.660000 0.000000
489 8.040000 0.497512
490 4.520000 0.884956
491 2.840000 0.000000
492 3.220000 0.000000
493 3.220000 0.000000
494 3.220000 0.000000
495 3.200000 0.000000
496 2.600000 0.769231
497 2.600000 0.000000
498 2.600000 0.000000
499 2.600000 0.000000
500 2.600000 0.000000
501 2.600000 0.000000
502 2.600000 0.000000
503 2.600000 0.000000
504 2.600000 0.000000
505 2.600000 0.000000
506 2.600000 0.769231
507 3.120000 0.000000
508 3.120000 0.000000
509 3.120000 0.000000
510 3.120000 0.000000
511 3.120000 0.000000
512 3.120000 0.000000
513 3.120000 0.641026
514 3.220000 0.621118
515 2.600000 0.000000
516 2.600000 0.000000
517 2.600000 0.000000
518 2.140000 1.869159
519 23.940000 0.167084
520 7.460000 0.000000
521 7.460000 0.000000
522 15.160000 0.000000
523 21.080000 0.000000
524 20.620000 0.000000
525 20.740000 0.000000
526 20.740000 0.000000
527 30.160000 0.066313
528 4.300000 0.000000
529 4.300000 0.000000
530 4.300000 0.000000
531 4.300000 0.000000
532 4.300000 0.000000
533 4.300000 0.465116
534 4.300000 0.000000
535 4.300000 0.000000
536 4.300000 0.000000
537 4.300000 0.000000
538 4.300000 0.000000
539 4.300000 0.000000
540 4.300000 0.000000
541 4.300000 0.000000
542 4.300000 0.000000
543 4.300000 0.000000
544 8.440000 0.473934
545 4.300000 0.000000
546 4.300000 0.000000
547 4.560000 0.877193
548 4.300000 0.000000
549 4.300000 0.000000
550 4.300000 0.000000
551 4.300000 0.465116
552 4.300000 0.000000
553 4.300000 0.465116
554 4.300000 0.000000
555 4.300000 0.000000
556 4.300000 0.000000
557 4.300000 0.000000
558 11.860000 0.168634
559 19.280000 0.000000
560 0.640000 0.000000
561 0.640000 0.000000
562 0.640000 0.000000
563 1.840000 0.000000
564 9.320000 0.000000
565 8.960000 0.000000
566 4.600000 0.000000
567 4.600000 0.000000
568 4.600000 0.000000
569 4.180000 0.000000
570 4.000000 0.000000
571 3.940000 0.507614
572 4.000000 0.500000
573 4.320000 0.000000
574 12.080000 0.000000
575 4.000000 0.000000
576 4.000000 0.000000
577 4.000000 0.000000
578 4.000000 0.000000
579 4.000000 0.000000
580 4.000000 0.000000
581 4.000000 0.000000
582 4.000000 0.000000
583 4.000000 0.000000
584 4.000000 0.000000
585 4.000000 0.000000
586 4.000000 0.000000
587 4.000000 0.000000
588 4.000000 0.000000
589 4.000000 0.000000
590 4.000000 0.000000
591 4.000000 0.500000
592 3.360000 0.595238
593 3.360000 0.595238
594 4.380000 0.456621
595 4.000000 0.000000
596 27.160000 0.000000
597 34.700000 0.115274
598 12.040000 0.166113
599 4.000000 0.000000
600 4.140000 0.483092
601 6.100000 0.327869
602 1.580000 0.000000
603 0.360000 0.000000
604 0.760000 0.000000
605 0.640000 0.000000
606 0.440000 0.000000
607 0.700000 0.000000
608 0.640000 0.000000
609 4.220000 0.000000
610 21.000000 0.190476
611 10.740000 0.000000
612 2.240000 0.892857
613 0.700000 0.000000
614 0.700000 0.000000
615 0.700000 0.000000
616 3.360000 0.000000
617 0.700000 0.000000
618 0.700000 0.000000
619 0.700000 0.000000
620 0.520000 0.000000
621 0.460000 0.000000
622 0.640000 0.000000
623 2.420000 0.826446
624 1.320000 0.000000
625 0.540000 3.703704
626 60.000000 0.066667
627 3.900000 0.512821
628 151.200000 0.066138
629 157.040000 0.127356
630 1.060000 1.886792
631 1.360000 0.000000
632 0.320000 0.000000
633 0.320000 0.000000
634 18.840000 0.318471
635 17.760000 0.000000
636 7.740000 0.258398
637 7.680000 0.000000
638 7.680000 0.260417
639 7.680000 0.000000
640 7.680000 0.000000
641 7.680000 0.000000
642 7.680000 0.000000
643 7.680000 0.260417
644 7.680000 0.000000
645 6.680000 0.299401
646 11.920000 0.167785
647 7.680000 0.000000
648 8.420000 0.237530
649 14.560000 0.137363
650 10.940000 0.182815
651 7.940000 0.251889
652 6.640000 0.000000
653 7.680000 0.260417
654 7.680000 0.000000
655 4.800000 0.000000
656 4.620000 0.000000
657 11.600000 0.172414
658 6.640000 0.000000
659 6.600000 0.000000
660 6.220000 0.643087
661 6.380000 0.000000
662 6.340000 0.000000
663 6.340000 0.000000
664 6.340000 0.000000
665 6.340000 0.000000
666 6.340000 0.000000
667 6.460000 0.000000
668 3.440000 0.000000
669 1.420000 0.000000
670 1.060000 0.000000
671 0.340000 0.000000
672 1.240000 0.000000
673 0.260000 0.000000
674 1.240000 0.000000
675 0.260000 0.000000
676 0.260000 0.000000
677 1.680000 1.190476
678 0.540000 0.000000
679 0.300000 0.000000
680 6.140000 0.325733
681 7.860000 0.000000
682 1.320000 0.000000
683 1.320000 0.000000
684 1.320000 0.000000
685 1.320000 0.000000
686 1.320000 0.000000
687 1.320000 0.000000
688 1.320000 0.000000
689 3.620000 0.552486
690 4.740000 0.000000
691 4.540000 0.440529
692 6.500000 0.000000
693 2.660000 0.000000
694 2.000000 0.000000
695 2.000000 0.000000
696 2.000000 0.000000
697 2.000000 0.000000
698 2.000000 0.000000
699 2.000000 0.000000
700 2.000000 0.000000
701 0.460000 4.347826
702 1.860000 0.000000
703 2.000000 1.000000
704 1.960000 0.000000
705 6.520000 0.000000
706 4.340000 0.000000
707 1.880000 0.000000
708 2.000000 0.000000
709 2.000000 0.000000
710 2.000000 0.000000
711 2.000000 0.000000
712 2.000000 0.000000
713 2.000000 0.000000
714 2.000000 0.000000
715 2.000000 0.000000
716 2.000000 0.000000
717 2.000000 1.000000
718 2.000000 0.000000
719 2.000000 0.000000
720 2.000000 0.000000
721 2.000000 0.000000
722 2.000000 0.000000
723 2.000000 0.000000
724 2.000000 1.000000
725 2.000000 0.000000
726 2.000000 0.000000
727 2.000000 0.000000
728 2.000000 0.000000
729 2.000000 0.000000
730 2.000000 0.000000
731 2.000000 0.000000
732 2.000000 0.000000
733 2.000000 0.000000
734 2.000000 0.000000
735 2.000000 0.000000
736 2.000000 0.000000
737 2.020000 1.980198
738 2.040000 0.000000
739 10.760000 0.000000
740 9.440000 0.211864
741 13.040000 0.000000
742 11.420000 0.000000
743 12.200000 0.327869
744 1.860000 0.000000
745 9.260000 0.000000
746 13.100000 0.000000
747 7.260000 0.000000
748 7.340000 0.000000
749 7.340000 0.272480
750 6.940000 0.576369
751 7.220000 0.000000
752 7.360000 0.000000
753 7.380000 0.000000
754 4.500000 0.000000
755 4.500000 0.000000
756 9.480000 0.210970
757 4.500000 0.000000
758 4.500000 0.000000
759 4.500000 0.000000
760 4.500000 0.444444
761 2.460000 0.000000
762 4.280000 0.000000
763 25.180000 0.079428
764 14.920000 0.268097
765 1.920000 0.000000
766 11.420000 0.000000
767 1.860000 0.000000
768 1.860000 1.075269
769 1.860000 0.000000
770 1.860000 0.000000
771 1.860000 0.000000
772 4.100000 0.487805
773 1.280000 0.000000
774 1.280000 0.000000
775 1.280000 0.000000
776 1.280000 0.000000
777 1.280000 0.000000
778 1.280000 0.000000
779 1.280000 0.000000
780 1.280000 0.000000
781 1.280000 0.000000
782 1.280000 0.000000
783 1.280000 0.000000
784 1.280000 0.000000
785 1.280000 0.000000
786 1.860000 1.075269
787 11.240000 0.000000
788 10.720000 0.186567
789 13.600000 0.000000
790 11.200000 0.000000
791 10.760000 0.000000
792 10.760000 0.000000
793 6.920000 0.289017
794 10.760000 0.000000
795 10.760000 0.185874
796 1.860000 0.000000
797 5.220000 0.383142
798 11.200000 0.000000
799 7.620000 0.262467
800 6.700000 0.000000
801 6.700000 0.000000
802 6.700000 0.000000
803 6.700000 0.000000
804 6.700000 0.000000
805 6.700000 0.000000
806 6.700000 0.000000
807 6.700000 0.000000
808 6.700000 0.298507
809 6.700000 0.298507
810 6.700000 0.000000
811 6.700000 0.000000
812 2.140000 0.934579
813 0.280000 0.000000
814 6.520000 0.306748
815 0.280000 0.000000
816 7.680000 0.000000
817 10.420000 0.000000
818 8.140000 0.491400
819 8.060000 0.248139
820 7.420000 0.000000
821 10.780000 0.000000
822 10.780000 0.000000
823 9.600000 0.208333
824 6.580000 0.000000
825 5.600000 0.000000
826 6.860000 0.000000
827 10.200000 0.000000
828 10.200000 0.000000
829 16.280000 0.122850
830 8.140000 0.245700
831 6.300000 0.000000
832 12.860000 0.311042
833 10.980000 0.182149
834 3.260000 0.000000
835 2.940000 0.000000
836 3.260000 0.000000
837 3.260000 0.000000
838 3.260000 0.000000
839 3.260000 0.000000
840 3.260000 0.000000
841 3.260000 0.000000
842 3.260000 0.000000
843 3.260000 0.000000
844 3.260000 0.000000
845 3.260000 0.000000
846 3.260000 0.000000
847 3.260000 0.000000
848 3.260000 0.000000
849 3.240000 0.617284
850 3.260000 0.000000
851 3.200000 0.000000
852 3.260000 0.000000
853 3.260000 0.000000
854 3.260000 0.000000
855 3.260000 0.613497
856 3.160000 0.000000
857 3.200000 0.000000
858 3.200000 0.000000
859 3.200000 0.000000
860 3.200000 0.000000
861 3.200000 0.000000
862 3.200000 0.000000
863 3.200000 0.000000
864 3.200000 0.000000
865 3.200000 0.000000
866 3.200000 0.000000
867 3.200000 0.000000
868 3.200000 0.000000
869 3.200000 0.000000
870 0.880000 2.272727
871 3.200000 0.625000
872 2.860000 0.000000
873 3.200000 0.000000
874 3.200000 0.000000
875 3.200000 0.000000
876 3.200000 0.000000
877 3.200000 0.000000
878 2.740000 0.729927
879 1.860000 0.000000
880 1.860000 0.000000
881 1.860000 0.000000
882 1.860000 0.000000
883 1.860000 0.000000
884 0.980000 2.040816
885 0.180000 0.000000
886 0.180000 0.000000
887 3.040000 0.000000
888 0.560000 0.000000
889 0.260000 0.000000
890 0.260000 0.000000
891 0.260000 0.000000
892 0.260000 0.000000
893 0.340000 0.000000
894 1.460000 0.000000
895 0.240000 0.000000
896 5.820000 0.343643
897 3.060000 0.000000
898 2.500000 0.000000
899 2.460000 0.813008
900 2.500000 0.000000
901 2.520000 0.793651
902 2.500000 0.000000
903 2.500000 0.000000
904 2.500000 0.000000
905 2.500000 0.800000
906 2.500000 0.000000
907 2.500000 0.000000
908 1.480000 0.000000
909 2.360000 0.000000
910 2.500000 0.000000
911 2.500000 0.000000
912 1.480000 0.000000
913 1.480000 0.000000
914 2.360000 0.000000
915 2.500000 0.000000
916 2.500000 0.000000
917 2.500000 0.000000
918 2.560000 1.562500
919 2.500000 0.000000
920 2.500000 0.000000
921 2.500000 0.000000
922 2.500000 0.000000
923 2.500000 0.000000
924 2.500000 0.000000
925 2.500000 0.000000
926 2.500000 0.000000
927 2.500000 0.000000
928 2.500000 0.000000
929 2.500000 0.000000
930 2.520000 0.793651
931 2.480000 0.806452
932 2.500000 0.000000
933 2.500000 0.000000
934 2.500000 0.000000
935 2.500000 0.000000
936 2.500000 0.000000
937 2.500000 0.000000
938 2.500000 0.000000
939 2.500000 0.000000
940 2.500000 0.000000
941 2.500000 0.000000
942 2.500000 0.000000
943 2.500000 0.000000
944 2.300000 0.869565
945 3.560000 0.000000
946 3.600000 0.000000
947 4.880000 0.409836
948 7.580000 0.263852
949 7.580000 0.000000
950 7.480000 0.000000
951 7.480000 0.000000
952 7.480000 0.000000
953 7.480000 0.000000
954 7.580000 0.263852
955 7.480000 0.000000
956 7.480000 0.267380
957 7.480000 0.000000
958 7.480000 0.267380
959 7.480000 0.000000
960 2.900000 0.689655
961 7.480000 0.000000
962 7.480000 0.000000
963 7.980000 0.250627
964 7.480000 0.000000
965 3.060000 0.653595
966 7.480000 0.000000
967 7.060000 0.283286
968 7.480000 0.000000
969 7.480000 0.000000
970 7.480000 0.000000
971 7.480000 0.000000
972 7.600000 0.263158
973 6.940000 0.000000
974 351.440000 0.096745
975 84.840000 0.070721
976 47.240000 0.000000
977 0.320000 0.000000
978 7.140000 0.280112
979 0.320000 0.000000
980 0.320000 0.000000
981 1.320000 0.000000
982 0.260000 0.000000
983 0.320000 0.000000
984 0.320000 0.000000
985 14.300000 0.000000
986 0.320000 0.000000
987 0.320000 0.000000
988 0.320000 0.000000
989 0.320000 0.000000
990 0.320000 0.000000
991 0.540000 0.000000
992 0.320000 6.250000
993 9.460000 0.000000
994 48.100000 0.083160
995 27.860000 0.358938
996 5.820000 0.687285
997 3.900000 0.000000
998 3.900000 0.000000
999 4.840000 0.000000
1000 4.240000 0.000000
1001 3.900000 0.000000
1002 3.900000 0.000000
1003 9.720000 0.000000
1004 4.220000 0.000000
1005 4.220000 0.000000
1006 4.220000 0.000000
1007 4.220000 0.000000
1008 4.220000 0.000000
1009 4.220000 0.000000
1010 4.280000 0.000000
1011 4.220000 0.000000
1012 4.220000 0.000000
1013 4.220000 0.000000
1014 4.220000 0.473934
1015 8.800000 0.000000
1016 5.820000 0.000000
1017 5.820000 0.000000
1018 5.820000 0.000000
1019 5.820000 0.000000
1020 5.820000 0.000000
1021 5.820000 0.000000
1022 5.820000 0.000000
1023 5.820000 0.000000
1024 5.800000 0.689655
1025 7.540000 0.000000
1026 3.800000 1.052632
1027 5.400000 0.370370
1028 5.820000 0.343643
1029 4.860000 0.000000
1030 4.860000 0.000000
1031 4.860000 0.000000
1032 4.860000 0.000000
1033 4.820000 0.414938
1034 4.860000 0.000000
1035 4.860000 0.000000
1036 4.860000 0.000000
1037 4.860000 0.000000
1038 4.860000 0.000000
1039 4.860000 0.000000
1040 4.860000 0.000000
1041 4.860000 0.000000
1042 4.860000 0.000000
1043 4.860000 0.000000
1044 4.860000 0.000000
1045 4.860000 0.000000
1046 4.860000 0.000000
1047 4.860000 0.000000
1048 4.860000 0.000000
1049 4.860000 0.000000
1050 4.860000 0.000000
1051 4.860000 0.411523
1052 4.860000 0.000000
1053 4.860000 0.000000
1054 4.860000 0.000000
1055 4.860000 0.000000
1056 4.860000 0.823045
1057 1.440000 0.000000
1058 4.860000 0.000000
1059 4.860000 0.000000
1060 4.860000 0.000000
1061 4.860000 0.000000
1062 5.300000 0.377358
1063 4.860000 0.000000
1064 4.860000 0.000000
1065 2.180000 0.000000
1066 2.140000 0.000000
1067 2.120000 0.000000
1068 2.120000 0.000000
1069 2.220000 0.900901
1070 2.340000 0.000000
1071 1.420000 1.408451
1072 2.980000 0.000000
1073 2.980000 0.000000
1074 2.980000 0.000000
1075 1.840000 0.000000
1076 1.900000 0.000000
1077 1.420000 0.000000
1078 1.940000 0.000000
1079 1.420000 0.000000
1080 1.940000 0.000000
1081 2.120000 0.000000
1082 2.120000 0.000000
1083 2.120000 0.000000
1084 2.120000 0.000000
1085 2.120000 0.000000
1086 2.120000 0.000000
1087 2.120000 0.000000
1088 2.120000 0.000000
1089 2.120000 0.943396
1090 2.120000 0.000000
1091 2.120000 0.000000
1092 2.120000 0.000000
1093 2.120000 0.000000
1094 2.120000 0.000000
1095 2.120000 0.000000
1096 2.120000 0.000000
1097 2.120000 0.000000
1098 2.120000 0.000000
1099 2.020000 0.990099
1100 0.720000 0.000000
1101 0.340000 0.000000
1102 0.720000 0.000000
1103 3.180000 0.000000
1104 3.260000 0.000000
1105 3.260000 0.000000
1106 3.260000 0.000000
1107 3.280000 0.000000
1108 3.280000 0.609756
1109 3.200000 0.000000
1110 2.440000 0.000000
1111 2.420000 0.000000
1112 2.360000 0.847458
1113 3.200000 0.000000
1114 3.200000 0.000000
1115 3.260000 0.000000
1116 3.200000 0.000000
1117 3.260000 0.000000
1118 1.880000 1.063830
1119 2.140000 0.000000
1120 3.260000 0.000000
1121 3.260000 0.000000
1122 3.260000 0.000000
1123 3.260000 0.000000
1124 3.260000 0.000000
1125 3.260000 0.000000
1126 3.260000 0.000000
1127 3.260000 0.613497
1128 3.260000 0.613497
1129 3.260000 0.000000
1130 3.260000 0.000000
1131 3.260000 0.000000
1132 3.260000 0.000000
1133 3.260000 0.000000
1134 3.260000 0.613497
1135 2.920000 0.684932
1136 6.220000 0.000000
1137 1.540000 1.298701
1138 0.460000 0.000000
1139 0.260000 0.000000
1140 0.260000 0.000000
1141 0.260000 0.000000
1142 0.260000 0.000000
1143 0.340000 0.000000
1144 0.620000 0.000000
1145 0.320000 0.000000
1146 1.720000 0.000000
1147 2.980000 0.000000
1148 1.660000 0.000000
1149 3.440000 0.000000
1150 5.940000 0.000000
1151 5.160000 0.000000
1152 5.020000 0.000000
1153 5.160000 0.000000
1154 6.000000 0.333333
1155 5.160000 0.000000
1156 2.680000 0.000000
1157 2.680000 0.000000
1158 2.680000 0.000000
1159 2.080000 0.000000
1160 2.080000 0.000000
1161 2.180000 0.000000
1162 1.820000 1.098901
1163 2.140000 0.000000
1164 1.500000 0.000000
1165 16.280000 0.245700
1166 17.100000 0.000000
1167 17.600000 0.000000
1168 20.840000 0.383877
1169 16.320000 0.122549
1170 41.340000 0.096759
1171 14.620000 0.273598
1172 8.180000 0.244499
1173 13.260000 0.000000
1174 11.400000 0.175439
1175 15.500000 0.000000
1176 3.700000 0.540541
1177 3.700000 0.000000
1178 7.000000 0.000000
1179 7.080000 0.000000
1180 1.460000 0.000000
1181 1.460000 0.000000
1182 2.040000 0.000000
1183 8.080000 0.000000
1184 8.080000 0.000000
1185 8.080000 0.000000
1186 8.080000 0.000000
1187 8.080000 0.000000
1188 8.080000 0.000000
1189 8.080000 0.000000
1190 8.080000 0.247525
1191 12.720000 0.314465
1192 2.160000 0.925926
1193 8.080000 0.000000
1194 8.080000 0.000000
1195 8.080000 0.000000
1196 8.080000 0.000000
1197 8.080000 0.000000
1198 8.080000 0.000000
1199 9.080000 0.220264
1200 6.540000 0.305810
1201 2.380000 0.000000
1202 6.900000 0.000000
1203 5.840000 0.000000
1204 5.840000 0.000000
1205 5.840000 0.000000
1206 5.840000 0.000000
1207 5.840000 0.000000
1208 5.840000 0.000000
1209 5.840000 0.000000
1210 5.840000 0.000000
1211 5.840000 0.000000
1212 5.840000 0.000000
1213 2.200000 0.909091
1214 5.840000 0.000000
1215 5.840000 0.342466
1216 5.700000 0.000000
1217 1.460000 0.000000
1218 1.460000 0.000000
1219 2.040000 0.980392
1220 1.680000 0.000000
1221 1.160000 0.000000
1222 0.620000 0.000000
1223 0.620000 0.000000
1224 0.620000 0.000000
1225 0.620000 3.225806
1226 0.620000 0.000000
1227 0.620000 0.000000
1228 0.620000 0.000000
1229 0.620000 0.000000
1230 0.620000 0.000000
1231 0.620000 0.000000
1232 0.620000 0.000000
1233 0.620000 0.000000
1234 0.620000 0.000000
1235 0.620000 0.000000
1236 0.620000 0.000000
1237 0.620000 0.000000
1238 0.620000 0.000000
1239 0.620000 3.225806
1240 0.620000 0.000000
1241 0.620000 0.000000
1242 0.620000 0.000000
1243 0.620000 0.000000
1244 0.620000 0.000000
1245 0.620000 0.000000
1246 0.620000 3.225806
1247 0.620000 0.000000
1248 0.620000 0.000000
1249 0.620000 0.000000
1250 0.620000 0.000000
1251 0.620000 0.000000
1252 0.620000 0.000000
1253 0.620000 0.000000
1254 0.620000 0.000000
1255 0.620000 0.000000
1256 0.620000 0.000000
1257 0.620000 0.000000
1258 0.620000 0.000000
1259 0.620000 0.000000
1260 0.620000 0.000000
1261 0.620000 0.000000
1262 0.620000 0.000000
1263 0.620000 0.000000
1264 0.620000 0.000000
1265 0.620000 0.000000
1266 0.620000 0.000000
1267 0.620000 0.000000
1268 0.620000 0.000000
1269 0.620000 0.000000
1270 0.620000 0.000000
1271 0.620000 0.000000
1272 0.620000 0.000000
1273 0.620000 0.000000
1274 0.620000 0.000000
1275 0.620000 0.000000
1276 0.620000 0.000000
1277 0.620000 0.000000
1278 0.620000 0.000000
1279 0.620000 0.000000
1280 0.620000 0.000000
1281 0.620000 0.000000
1282 0.620000 0.000000
1283 0.620000 0.000000
1284 0.620000 0.000000
1285 0.620000 0.000000
1286 0.620000 0.000000
1287 0.620000 0.000000
1288 0.620000 0.000000
1289 0.620000 0.000000
1290 0.620000 0.000000
1291 0.620000 0.000000
1292 0.620000 0.000000
1293 0.620000 0.000000
1294 0.620000 0.000000
1295 0.620000 0.000000
1296 0.620000 0.000000
1297 0.620000 0.000000
1298 0.620000 0.000000
1299 0.620000 0.000000
1300 0.620000 0.000000
1301 0.620000 0.000000
1302 0.620000 0.000000
1303 0.620000 0.000000
1304 0.620000 0.000000
1305 0.620000 0.000000
1306 0.620000 0.000000
1307 0.620000 0.000000
1308 0.620000 0.000000
1309 0.620000 0.000000
1310 0.620000 0.000000
1311 0.620000 0.000000
1312 0.620000 0.000000
1313 0.620000 0.000000
1314 0.620000 0.000000
1315 0.620000 0.000000
1316 0.620000 0.000000
1317 0.620000 0.000000
1318 0.620000 0.000000
1319 0.620000 0.000000
1320 0.620000 0.000000
1321 0.620000 0.000000
1322 0.620000 0.000000
1323 0.620000 0.000000
1324 0.620000 0.000000
1325 0.620000 0.000000
1326 0.620000 0.000000
1327 0.620000 0.000000
1328 0.620000 0.000000
1329 0.620000 0.000000
1330 0.620000 0.000000
1331 0.620000 0.000000
1332 0.620000 0.000000
1333 0.620000 0.000000
1334 0.620000 0.000000
1335 0.620000 0.000000
1336 0.620000 0.000000
1337 0.620000 0.000000
1338 0.620000 0.000000
1339 0.620000 0.000000
1340 0.620000 0.000000
1341 0.620000 0.000000
1342 0.620000 0.000000
1343 0.620000 0.000000
1344 0.620000 0.000000
1345 0.620000 0.000000
1346 0.620000 0.000000
1347 0.620000 0.000000
1348 0.620000 0.000000
1349 0.620000 0.000000
1350 0.620000 0.000000
1351 0.620000 0.000000
1352 0.620000 0.000000
1353 0.620000 0.000000
1354 0.620000 0.000000
1355 0.620000 0.000000
1356 0.620000 0.000000
1357 0.620000 0.000000
1358 0.620000 0.000000
1359 0.620000 0.000000
1360 0.620000 0.000000
1361 0.620000 0.000000
1362 0.620000 0.000000
1363 0.620000 0.000000
1364 0.620000 0.000000
1365 0.620000 0.000000
1366 0.620000 0.000000
1367 0.620000 0.000000
1368 0.620000 0.000000
1369 0.620000 0.000000
1370 0.620000 0.000000
1371 0.620000 0.000000
1372 0.620000 0.000000
1373 0.620000 0.000000
1374 0.620000 0.000000
1375 0.620000 0.000000
1376 0.620000 0.000000
1377 0.620000 0.000000
1378 0.620000 0.000000
1379 0.620000 0.000000
1380 0.620000 0.000000
1381 0.620000 0.000000
1382 0.620000 0.000000
1383 0.620000 0.000000
1384 0.620000 0.000000
1385 0.620000 0.000000
1386 0.620000 0.000000
1387 0.620000 0.000000
1388 0.620000 0.000000
1389 0.620000 0.000000
1390 0.620000 0.000000
1391 0.620000 0.000000
1392 0.620000 0.000000
1393 0.620000 0.000000
1394 0.620000 0.000000
1395 0.620000 0.000000
1396 0.620000 0.000000
1397 0.620000 0.000000
1398 0.620000 0.000000
1399 0.620000 0.000000
1400 0.620000 0.000000
1401 0.620000 0.000000
1402 0.620000 0.000000
1403 0.620000 0.000000
1404 0.620000 0.000000
1405 0.620000 0.000000
1406 0.620000 3.225806
1407 0.620000 0.000000
1408 0.620000 0.000000
1409 0.620000 0.000000
1410 0.620000 0.000000
1411 0.620000 0.000000
1412 0.620000 0.000000
1413 0.620000 0.000000
1414 0.620000 0.000000
1415 0.620000 0.000000
1416 0.620000 0.000000
1417 0.620000 0.000000
1418 0.620000 0.000000
1419 0.620000 0.000000
1420 0.620000 0.000000
1421 0.620000 0.000000
1422 0.620000 0.000000
1423 0.620000 0.000000
1424 0.280000 7.142857
1425 0.620000 0.000000
1426 0.620000 0.000000
1427 0.620000 0.000000
1428 0.620000 0.000000
1429 0.620000 0.000000
1430 0.620000 0.000000
1431 0.620000 0.000000
1432 0.620000 0.000000
1433 0.620000 0.000000
1434 0.620000 0.000000
1435 0.620000 0.000000
1436 0.620000 0.000000
1437 0.620000 0.000000
1438 0.620000 0.000000
1439 0.620000 0.000000
1440 0.620000 0.000000
1441 0.620000 0.000000
1442 0.620000 0.000000
1443 0.620000 0.000000
1444 0.620000 0.000000
1445 0.620000 0.000000
1446 0.620000 0.000000
1447 0.620000 0.000000
1448 0.620000 0.000000
1449 0.620000 0.000000
1450 0.620000 0.000000
1451 0.620000 0.000000
1452 0.620000 0.000000
1453 0.620000 0.000000
1454 0.620000 0.000000
1455 0.620000 0.000000
1456 0.620000 0.000000
1457 0.620000 0.000000
1458 0.620000 0.000000
1459 0.620000 0.000000
1460 0.620000 3.225806
1461 10.340000 0.000000
1462 1.160000 0.000000
1463 1.160000 0.000000
1464 1.160000 0.000000
1465 1.160000 0.000000
1466 1.160000 0.000000
1467 1.160000 0.000000
1468 1.160000 0.000000
1469 1.160000 0.000000
1470 1.160000 0.000000
1471 0.620000 0.000000
1472 0.620000 0.000000
1473 0.620000 0.000000
1474 0.620000 0.000000
1475 0.620000 0.000000
1476 0.620000 0.000000
1477 0.620000 0.000000
1478 0.620000 0.000000
1479 0.620000 0.000000
1480 0.620000 0.000000
1481 0.620000 0.000000
1482 0.620000 0.000000
1483 0.620000 0.000000
1484 0.620000 0.000000
1485 0.620000 0.000000
1486 0.620000 0.000000
1487 0.620000 0.000000
1488 0.620000 0.000000
1489 0.620000 0.000000
1490 0.620000 0.000000
1491 0.620000 0.000000
1492 0.620000 0.000000
1493 0.620000 0.000000
1494 0.620000 0.000000
1495 0.620000 0.000000
1496 0.620000 0.000000
1497 0.620000 0.000000
1498 0.620000 0.000000
1499 0.620000 0.000000
1500 0.620000 0.000000
1501 0.620000 0.000000
1502 0.620000 0.000000
1503 0.620000 0.000000
1504 0.620000 0.000000
1505 0.620000 0.000000
1506 0.620000 0.000000
1507 0.620000 0.000000
1508 0.620000 0.000000
1509 0.620000 0.000000
1510 0.620000 0.000000
1511 0.620000 0.000000
1512 0.620000 0.000000
1513 0.620000 3.225806
1514 0.620000 0.000000
1515 0.620000 0.000000
1516 0.620000 0.000000
1517 0.620000 0.000000
1518 0.620000 0.000000
1519 0.620000 0.000000
1520 0.620000 0.000000
1521 0.620000 0.000000
1522 0.620000 0.000000
1523 0.620000 0.000000
1524 0.620000 0.000000
1525 0.620000 0.000000
1526 0.620000 0.000000
1527 0.620000 0.000000
1528 0.620000 0.000000
1529 0.620000 0.000000
1530 0.620000 0.000000
1531 0.620000 0.000000
1532 0.620000 0.000000
1533 0.620000 0.000000
1534 0.620000 0.000000
1535 0.620000 0.000000
1536 0.620000 0.000000
1537 0.620000 0.000000
1538 0.620000 0.000000
1539 0.620000 0.000000
1540 0.620000 0.000000
1541 0.620000 0.000000
1542 0.620000 0.000000
1543 0.620000 0.000000
1544 0.620000 0.000000
1545 0.620000 0.000000
1546 0.620000 0.000000
1547 0.620000 0.000000
1548 0.620000 0.000000
1549 0.620000 0.000000
1550 0.620000 0.000000
1551 0.620000 0.000000
1552 0.620000 0.000000
1553 0.620000 0.000000
1554 0.620000 0.000000
1555 0.620000 0.000000
1556 0.620000 0.000000
1557 0.620000 0.000000
1558 0.620000 0.000000
1559 0.620000 0.000000
1560 0.620000 0.000000
1561 0.620000 0.000000
1562 0.620000 0.000000
1563 0.620000 0.000000
1564 0.620000 0.000000
1565 0.620000 0.000000
1566 0.620000 0.000000
1567 0.620000 0.000000
1568 0.620000 0.000000
1569 0.620000 0.000000
1570 0.620000 0.000000
1571 0.620000 0.000000
1572 0.620000 0.000000
1573 0.620000 0.000000
1574 0.620000 0.000000
1575 0.620000 0.000000
1576 0.620000 0.000000
1577 0.620000 0.000000
1578 0.620000 0.000000
1579 0.620000 0.000000
1580 0.620000 0.000000
1581 0.620000 0.000000
1582 0.620000 0.000000
1583 0.580000 3.448276
1584 1.160000 0.000000
1585 1.160000 1.724138
1586 1.160000 0.000000
1587 1.160000 0.000000
1588 1.160000 0.000000
1589 1.160000 0.000000
1590 1.160000 0.000000
1591 1.160000 0.000000
1592 1.160000 0.000000
1593 1.160000 0.000000
1594 1.160000 0.000000
1595 1.160000 0.000000
1596 1.160000 0.000000
1597 1.160000 0.000000
1598 1.160000 0.000000
1599 1.160000 0.000000
1600 1.160000 0.000000
1601 1.160000 0.000000
1602 1.160000 0.000000
1603 1.160000 0.000000
1604 1.160000 0.000000
1605 1.160000 0.000000
1606 1.160000 0.000000
1607 1.160000 0.000000
1608 1.160000 0.000000
1609 1.160000 0.000000
1610 1.160000 0.000000
1611 1.160000 0.000000
1612 1.160000 0.000000
1613 1.160000 0.000000
1614 1.160000 0.000000
1615 1.160000 0.000000
1616 1.160000 0.000000
1617 1.160000 0.000000
1618 1.160000 0.000000
1619 1.160000 0.000000
1620 1.160000 0.000000
1621 1.160000 0.000000
1622 1.160000 0.000000
1623 1.160000 0.000000
1624 1.160000 0.000000
1625 1.160000 0.000000
1626 1.160000 0.000000
1627 0.720000 2.777778
1628 1.160000 0.000000
1629 1.160000 0.000000
1630 1.160000 0.000000
1631 1.160000 0.000000
1632 1.160000 0.000000
1633 1.220000 1.639344
1634 1.160000 0.000000
1635 1.160000 0.000000
1636 1.160000 0.000000
1637 1.160000 0.000000
1638 1.160000 0.000000
1639 1.160000 0.000000
1640 1.160000 0.000000
1641 1.160000 0.000000
1642 1.160000 0.000000
1643 1.160000 0.000000
1644 1.160000 0.000000
1645 1.160000 0.000000
1646 1.160000 0.000000
1647 1.160000 0.000000
1648 1.160000 0.000000
1649 1.160000 0.000000
1650 1.160000 0.000000
1651 1.160000 0.000000
1652 1.160000 0.000000
1653 1.160000 0.000000
1654 1.160000 0.000000
1655 1.160000 0.000000
1656 1.160000 0.000000
1657 1.160000 0.000000
1658 1.160000 0.000000
1659 1.160000 0.000000
1660 1.160000 0.000000
1661 1.160000 0.000000
1662 1.100000 3.636364
1663 1.160000 0.000000
1664 1.160000 1.724138
1665 1.080000 0.000000
1666 1.100000 0.000000
1667 0.180000 0.000000
1668 1.140000 0.000000
1669 1.140000 0.000000
1670 1.080000 0.000000
1671 6.000000 0.000000
1672 5.200000 0.000000
1673 5.200000 0.000000
1674 5.200000 0.000000
1675 7.540000 0.795756
1676 40.180000 0.149328
1677 7.980000 0.000000
1678 7.980000 0.250627
1679 8.580000 0.233100
1680 7.920000 0.000000
1681 8.040000 0.000000
1682 6.900000 0.000000
1683 8.040000 0.248756
1684 8.060000 0.000000
1685 10.460000 0.000000
1686 19.720000 0.202840
1687 13.120000 0.152439
1688 19.940000 0.100301
1689 6.520000 0.000000
1690 3.440000 0.000000
1691 5.840000 0.000000
1692 0.400000 5.000000
1693 3.480000 0.000000
1694 5.300000 0.000000
1695 3.460000 0.000000
1696 5.140000 0.000000
1697 31.460000 0.127146
1698 8.480000 0.000000
1699 8.480000 0.000000
1700 6.480000 0.000000
1701 21.440000 0.000000
1702 6.480000 0.000000
1703 6.480000 0.000000
1704 6.480000 0.000000
1705 6.480000 0.000000
1706 6.480000 0.000000
1707 6.480000 0.000000
1708 6.320000 0.000000
1709 11.680000 0.000000
1710 16.480000 0.000000
1711 16.480000 0.242718
1712 11.580000 0.172712
1713 5.680000 0.000000
1714 15.720000 0.000000
1715 16.480000 0.000000
1716 16.480000 0.242718
1717 7.560000 0.264550
1718 7.720000 0.259067
1719 7.720000 0.000000
1720 7.720000 0.000000
1721 7.720000 0.000000
1722 11.020000 0.000000
1723 7.720000 0.000000
1724 7.720000 0.000000
1725 7.720000 0.000000
1726 7.720000 0.518135
1727 7.720000 0.000000
1728 7.720000 0.000000
1729 7.720000 0.259067
1730 7.500000 0.266667
1731 7.080000 0.282486
1732 10.660000 0.000000
1733 14.640000 0.273224
1734 7.860000 0.254453
1735 9.380000 0.000000
1736 6.560000 0.609756
1737 2.200000 0.000000
1738 2.200000 0.000000
1739 2.200000 0.000000
1740 2.200000 0.000000
1741 2.200000 0.000000
1742 2.200000 0.000000
1743 2.200000 0.000000
1744 10.620000 0.188324
1745 1.760000 0.000000
1746 5.200000 0.000000
1747 23.100000 0.173160
1748 25.540000 0.078309
1749 4.220000 0.000000
1750 2.040000 0.000000
1751 2.040000 0.000000
1752 2.040000 0.000000
1753 2.040000 0.000000
1754 2.040000 0.000000
1755 2.080000 0.000000
1756 2.080000 0.000000
1757 12.940000 0.309119
1758 12.260000 0.000000
1759 18.480000 0.216450
1760 2.060000 0.000000
1761 1.460000 0.000000
1762 1.460000 0.000000
1763 1.440000 0.000000
1764 0.180000 0.000000
1765 0.180000 0.000000
1766 0.180000 0.000000
1767 1.540000 0.000000
1768 0.180000 0.000000
1769 0.180000 0.000000
1770 0.180000 0.000000
1771 0.180000 0.000000
1772 4.900000 1.224490
1773 2.840000 0.000000
1774 3.880000 0.000000
1775 3.880000 0.000000
1776 3.880000 0.515464
1777 3.880000 0.515464
1778 3.880000 0.000000
1779 3.880000 0.000000
1780 3.880000 0.000000
1781 3.880000 0.515464
1782 3.880000 0.000000
1783 3.880000 0.000000
1784 3.880000 0.000000
1785 3.880000 0.000000
1786 3.880000 0.000000
1787 3.880000 0.000000
1788 3.260000 0.613497
1789 3.880000 0.000000
1790 2.640000 0.000000
1791 2.640000 0.000000
1792 2.640000 0.000000
1793 2.640000 0.757576
1794 2.640000 0.000000
1795 2.640000 0.000000
1796 2.640000 0.000000
1797 2.640000 0.000000
1798 2.640000 0.000000
1799 2.640000 0.000000
1800 2.640000 0.000000
1801 2.640000 0.000000
1802 2.640000 0.000000
1803 2.640000 0.000000
1804 2.840000 0.704225
1805 3.880000 0.000000
1806 3.180000 0.000000
1807 3.180000 0.628931
1808 5.620000 0.000000
1809 8.760000 0.000000
1810 14.120000 0.141643
1811 6.620000 0.000000
1812 6.620000 0.000000
1813 6.620000 0.000000
1814 6.620000 0.000000
1815 6.620000 0.000000
1816 6.620000 0.000000
1817 7.800000 0.256410
1818 4.940000 0.404858
1819 10.700000 0.000000
1820 12.920000 0.000000
1821 12.920000 0.000000
1822 12.920000 0.000000
1823 12.920000 0.000000
1824 11.540000 0.346620
1825 11.540000 0.000000
1826 6.980000 0.000000
1827 7.140000 0.280112
1828 6.860000 0.000000
1829 8.880000 0.450450
1830 1.320000 0.000000
1831 18.940000 0.000000
1832 41.760000 0.095785
1833 6.060000 0.330033
1834 7.680000 0.520833
1835 8.240000 0.000000
1836 6.720000 0.297619
1837 7.660000 0.000000
1838 7.420000 0.000000
1839 7.420000 0.000000
1840 7.420000 0.000000
1841 7.420000 0.000000
1842 7.420000 0.000000
1843 6.620000 0.302115
1844 7.420000 0.000000
1845 8.560000 0.700935
1846 1.500000 0.000000
1847 1.320000 0.000000
1848 1.320000 0.000000
1849 5.400000 0.000000
1850 11.420000 0.175131
1851 3.660000 0.000000
1852 3.660000 0.000000
1853 3.660000 0.000000
1854 3.660000 0.000000
1855 3.660000 0.000000
1856 3.660000 0.000000
1857 3.660000 0.546448
1858 3.660000 0.000000
1859 3.660000 0.000000
1860 3.660000 0.000000
1861 3.660000 0.000000
1862 3.660000 0.000000
1863 3.660000 0.546448
1864 3.660000 0.000000
1865 3.660000 0.000000
1866 3.660000 0.000000
1867 3.660000 0.000000
1868 3.660000 0.000000
1869 3.660000 0.000000
1870 3.600000 0.000000
1871 3.660000 0.546448
1872 3.580000 0.000000
1873 3.660000 0.000000
1874 3.660000 0.000000
1875 3.660000 0.000000
1876 3.720000 0.000000
1877 3.600000 0.000000
1878 6.240000 0.000000
1879 5.720000 0.000000
1880 5.720000 0.000000
1881 5.720000 0.000000
1882 4.620000 0.000000
1883 6.080000 0.328947
1884 5.640000 0.000000
1885 8.020000 0.748130
1886 15.880000 0.000000
1887 15.880000 0.000000
1888 15.880000 0.000000
1889 15.880000 0.000000
1890 15.880000 0.000000
1891 19.400000 0.103093
1892 56.100000 0.071301
1893 1.340000 0.000000
1894 14.800000 0.000000
1895 5.620000 0.000000
1896 15.440000 0.259067
1897 1.480000 0.000000
1898 1.080000 0.000000
1899 0.700000 0.000000
1900 0.700000 0.000000
1901 0.700000 0.000000
1902 1.740000 0.000000
1903 1.320000 0.000000
1904 1.320000 0.000000
1905 1.320000 0.000000
1906 1.320000 0.000000
1907 1.320000 0.000000
1908 1.320000 0.000000
1909 1.320000 0.000000
1910 1.320000 0.000000
1911 6.400000 0.312500
1912 2.400000 0.833333
1913 2.400000 0.000000
1914 2.400000 0.000000
1915 6.000000 0.000000
1916 4.200000 0.000000
1917 0.580000 0.000000
1918 0.580000 0.000000
1919 0.580000 0.000000
1920 1.060000 0.000000
1921 1.680000 0.000000
1922 8.140000 0.245700
1923 10.420000 0.000000
1924 10.420000 0.000000
1925 10.060000 0.198807
1926 7.020000 0.284900
1927 3.920000 0.510204
1928 10.420000 0.383877
1929 8.640000 0.231481
1930 5.660000 0.000000
1931 4.820000 0.829876
1932 8.620000 0.000000
1933 10.420000 0.191939
1934 14.060000 0.284495
1935 10.420000 0.000000
1936 8.820000 0.226757
1937 8.820000 0.000000
1938 10.420000 0.000000
1939 15.980000 0.250313
1940 10.420000 0.000000
1941 10.420000 0.191939
1942 10.420000 0.000000
1943 1.440000 0.000000
1944 0.180000 0.000000
1945 0.180000 0.000000
1946 24.680000 0.000000
1947 17.980000 0.000000
1948 22.140000 0.000000
1949 16.080000 0.124378
1950 5.780000 0.000000
1951 2.480000 0.000000
1952 2.480000 0.000000
1953 2.480000 0.000000
1954 2.480000 0.000000
1955 2.480000 0.000000
1956 2.480000 0.000000
1957 2.480000 0.000000
1958 2.540000 0.787402
1959 2.480000 0.000000
1960 4.340000 0.460829
1961 2.480000 0.000000
1962 2.480000 0.000000
1963 2.480000 0.000000
1964 2.480000 0.000000
1965 2.480000 0.000000
1966 2.480000 0.000000
1967 2.480000 0.000000
1968 2.480000 0.000000
1969 2.480000 0.000000
1970 2.480000 0.000000
1971 2.480000 0.000000
1972 2.480000 0.000000
1973 2.480000 0.000000
1974 2.480000 0.000000
1975 2.540000 1.574803
1976 2.480000 0.000000
1977 2.480000 0.000000
1978 2.480000 0.000000
1979 2.480000 0.000000
1980 2.480000 0.806452
1981 2.480000 0.000000
1982 2.480000 0.000000
1983 2.480000 0.000000
1984 2.480000 0.000000
1985 2.480000 0.000000
1986 2.380000 0.840336
1987 3.340000 0.598802
1988 7.340000 0.272480
1989 24.400000 0.081967
1990 26.900000 0.223048
1991 1.680000 0.000000
1992 3.760000 0.000000
1993 1.600000 0.000000
1994 1.720000 0.000000
1995 1.080000 0.000000
1996 0.260000 0.000000
1997 3.380000 0.591716
1998 3.380000 0.000000
1999 3.380000 0.000000
2000 3.380000 0.000000
2001 3.380000 0.000000
2002 3.380000 0.000000
2003 3.380000 0.000000
2004 3.380000 0.000000
2005 3.380000 0.000000
2006 3.380000 0.000000
2007 3.380000 0.000000
2008 3.380000 0.000000
2009 3.380000 0.000000
2010 3.380000 0.000000
2011 3.380000 0.000000
2012 3.380000 0.000000
2013 3.380000 0.000000
2014 3.380000 0.000000
2015 3.380000 0.000000
2016 3.380000 0.000000
2017 3.380000 0.000000
2018 3.380000 0.000000
2019 3.380000 0.000000
2020 3.380000 0.000000
2021 3.780000 0.529101
2022 1.640000 0.000000
2023 1.640000 0.000000
2024 1.640000 0.000000
2025 1.660000 1.204819
2026 1.640000 0.000000
2027 1.640000 0.000000
2028 1.640000 0.000000
2029 1.640000 0.000000
2030 1.640000 0.000000
2031 1.640000 0.000000
2032 1.640000 0.000000
2033 1.640000 0.000000
2034 1.640000 0.000000
2035 1.640000 0.000000
2036 1.640000 1.219512
2037 1.640000 0.000000
2038 1.640000 0.000000
2039 1.640000 0.000000
2040 3.940000 0.507614
2041 1.320000 0.000000
2042 1.420000 0.000000
2043 2.140000 0.000000
2044 0.980000 0.000000
2045 3.960000 0.000000
2046 4.640000 0.431034
2047 2.340000 0.000000
2048 5.780000 0.000000
2049 5.780000 0.000000
2050 5.780000 0.000000
2051 5.300000 0.377358
2052 22.160000 0.000000
2053 22.160000 0.000000
2054 5.780000 0.000000
2055 5.780000 0.000000
2056 5.780000 0.000000
2057 5.780000 0.000000
2058 5.780000 0.000000
2059 5.780000 0.000000
2060 5.780000 0.000000
2061 5.780000 0.000000
2062 5.780000 0.000000
2063 5.780000 0.000000
2064 5.780000 0.000000
2065 5.780000 0.000000
2066 28.520000 0.140252
2067 24.900000 0.080321
2068 22.160000 0.090253
2069 22.160000 0.090253
2070 22.160000 0.000000
2071 22.160000 0.000000
2072 22.160000 0.000000
2073 21.960000 0.364299
2074 21.540000 0.000000
2075 25.360000 0.236593
2076 27.900000 0.215054
2077 20.120000 0.099404
2078 21.240000 0.094162
2079 46.140000 0.173385
2080 0.300000 0.000000
2081 0.300000 0.000000
2082 4.480000 0.000000
2083 1.320000 0.000000
2084 491.580000 0.093576
2085 8.260000 0.000000
2086 8.260000 0.000000
2087 8.300000 0.240964
2088 8.300000 0.000000
2089 8.160000 0.000000
2090 8.260000 0.000000
2091 20.960000 0.000000
2092 3.740000 0.000000
2093 1.420000 0.000000
2094 1.420000 0.000000
2095 1.420000 0.000000
2096 1.420000 0.000000
2097 1.320000 0.000000
2098 1.320000 0.000000
2099 1.320000 0.000000
2100 1.520000 0.000000
2101 1.320000 0.000000
2102 1.420000 0.000000
2103 1.320000 0.000000
2104 5.520000 0.000000
2105 12.220000 0.163666
2106 7.020000 0.000000
2107 5.680000 0.352113
2108 11.820000 0.169205
2109 25.120000 0.079618
2110 116.120000 0.068894
2111 25.220000 0.158604
2112 10.800000 0.000000
2113 6.960000 0.000000
2114 6.960000 0.287356
2115 1.320000 0.000000
2116 8.780000 0.000000
2117 5.220000 0.000000
2118 5.220000 0.000000
2119 5.220000 0.000000
2120 14.900000 0.000000
2121 5.820000 0.343643
2122 5.200000 0.000000
2123 5.080000 0.000000
2124 8.340000 0.000000
2125 3.280000 0.609756
2126 2.780000 0.000000
2127 3.340000 0.000000
2128 3.340000 0.000000
2129 3.340000 0.000000
2130 5.900000 0.000000
2131 8.360000 0.000000
2132 7.000000 0.285714
2133 2.720000 0.000000
2134 2.720000 0.000000
2135 3.560000 1.123596
2136 1.180000 0.000000
2137 0.600000 0.000000
2138 0.300000 0.000000
2139 11.300000 0.176991
2140 13.360000 0.299401
2141 13.360000 0.000000
2142 2.940000 0.000000
2143 13.360000 0.149701
2144 18.980000 0.210748
2145 7.480000 0.267380
2146 13.360000 0.000000
2147 5.220000 0.000000
2148 2.700000 0.000000
2149 2.700000 0.000000
2150 3.240000 0.000000
2151 10.640000 0.187970
2152 18.680000 0.000000
2153 8.860000 0.000000
2154 3.140000 0.000000
2155 3.200000 0.625000
2156 3.140000 0.000000
2157 3.140000 0.000000
2158 3.140000 0.000000
2159 3.140000 0.000000
2160 6.380000 0.313480
2161 6.820000 0.293255
2162 3.140000 0.636943
2163 6.160000 0.000000
2164 0.580000 0.000000
2165 0.180000 0.000000
2166 0.180000 0.000000
2167 0.180000 0.000000
2168 0.980000 0.000000
2169 1.940000 0.000000
2170 0.460000 0.000000
2171 2.060000 0.000000
2172 1.280000 0.000000
2173 6.240000 0.000000
2174 6.240000 0.000000
2175 6.180000 0.000000
2176 7.300000 0.000000
2177 3.480000 0.000000
2178 11.060000 0.000000
2179 11.060000 0.000000
2180 10.580000 0.189036
2181 11.480000 0.000000
2182 11.020000 0.000000
2183 11.020000 0.000000
2184 11.020000 0.362976
2185 11.020000 0.000000
2186 11.020000 0.000000
2187 11.020000 0.000000
2188 11.020000 0.000000
2189 11.020000 0.000000
2190 11.020000 0.181488
2191 9.700000 0.412371
2192 83.460000 0.071891
2193 51.760000 0.154560
2194 15.840000 0.000000
2195 15.840000 0.000000
2196 15.840000 0.126263
2197 10.800000 0.370370
2198 2.760000 0.000000
2199 0.540000 0.000000
2200 0.540000 0.000000
2201 4.940000 0.404858
2202 0.540000 0.000000
2203 0.540000 0.000000
2204 0.540000 0.000000
2205 0.320000 0.000000
2206 5.880000 0.000000
2207 6.520000 0.306748
2208 6.580000 0.303951
2209 8.240000 0.000000
2210 6.320000 0.000000
2211 6.600000 0.000000
2212 6.780000 0.000000
2213 11.420000 0.350263
2214 7.460000 0.000000
2215 13.260000 0.000000
2216 13.720000 0.000000
2217 13.720000 0.000000
2218 13.720000 0.000000
2219 31.140000 0.192678
2220 6.420000 0.311526
2221 4.100000 0.487805
2222 0.960000 0.000000
2223 1.180000 0.000000
2224 0.640000 0.000000
2225 0.940000 0.000000
2226 0.520000 0.000000
2227 1.000000 0.000000
2228 0.540000 0.000000
2229 0.540000 0.000000
2230 0.540000 0.000000
2231 1.980000 1.010101
2232 1.600000 0.000000
2233 2.300000 0.000000
2234 0.260000 0.000000
2235 0.260000 0.000000
2236 0.320000 0.000000
2237 0.320000 0.000000
2238 1.660000 0.000000
2239 0.180000 0.000000
2240 0.180000 0.000000
2241 0.180000 0.000000
2242 0.180000 0.000000
2243 0.920000 0.000000
2244 0.260000 0.000000
2245 0.320000 0.000000
2246 0.320000 0.000000
2247 0.320000 0.000000
2248 0.460000 0.000000
2249 0.700000 0.000000
2250 0.460000 0.000000
2251 0.460000 0.000000
2252 0.460000 0.000000
2253 0.460000 0.000000
2254 0.460000 0.000000
2255 0.460000 0.000000
2256 0.660000 0.000000
2257 7.080000 0.000000
2258 4.360000 0.000000
2259 4.360000 0.000000
2260 5.180000 0.000000
2261 4.360000 0.000000
2262 5.100000 0.000000
2263 0.440000 0.000000
2264 0.440000 0.000000
2265 0.440000 0.000000
2266 0.420000 0.000000
2267 5.100000 0.000000
2268 17.020000 0.000000
2269 17.020000 0.000000
2270 15.840000 0.126263
2271 18.140000 0.110254
2272 7.800000 0.000000
2273 0.540000 0.000000
2274 0.540000 0.000000
2275 4.620000 0.000000
2276 0.540000 0.000000
2277 0.540000 0.000000
2278 4.020000 0.000000
2279 2.600000 0.000000
2280 2.600000 0.000000
2281 2.600000 0.000000
2282 2.600000 0.000000
2283 2.600000 0.000000
2284 2.580000 0.775194
2285 2.760000 0.724638
2286 2.600000 0.000000
2287 2.600000 0.000000
2288 2.600000 0.000000
2289 2.600000 0.000000
2290 2.600000 0.000000
2291 2.700000 0.000000
2292 2.700000 0.000000
2293 2.660000 0.000000
2294 2.660000 0.000000
2295 2.660000 0.000000
2296 2.660000 0.000000
2297 2.660000 0.000000
2298 2.660000 0.000000
2299 2.660000 0.000000
2300 2.620000 0.763359
2301 2.660000 0.000000
2302 2.660000 0.000000
2303 2.660000 0.751880
2304 2.660000 0.000000
2305 2.660000 0.000000
2306 2.660000 0.000000
2307 2.660000 0.000000
2308 2.660000 0.000000
2309 2.660000 0.000000
2310 2.660000 0.000000
2311 2.660000 0.000000
2312 2.660000 0.000000
2313 2.660000 0.000000
2314 2.660000 0.000000
2315 2.660000 0.000000
2316 2.660000 0.000000
2317 2.660000 0.000000
2318 2.660000 0.000000
2319 2.660000 0.000000
2320 2.660000 0.751880
2321 2.660000 0.000000
2322 2.660000 0.751880
2323 2.660000 0.000000
2324 2.320000 0.000000
2325 2.660000 0.000000
2326 2.660000 0.000000
2327 2.660000 0.000000
2328 2.660000 0.000000
2329 2.660000 0.000000
2330 2.660000 0.000000
2331 2.660000 0.000000
2332 2.660000 0.000000
2333 2.660000 0.000000
2334 2.760000 0.724638
2335 2.660000 0.000000
2336 2.660000 0.000000
2337 2.660000 0.000000
2338 2.660000 0.000000
2339 2.520000 0.793651
2340 2.660000 0.000000
2341 2.660000 0.000000
2342 2.660000 0.000000
2343 2.660000 0.000000
2344 2.660000 0.000000
2345 2.660000 0.000000
2346 2.660000 0.000000
2347 2.660000 0.000000
2348 2.660000 0.751880
2349 2.660000 0.751880
2350 2.660000 0.000000
2351 2.660000 0.000000
2352 2.660000 0.000000
2353 2.660000 0.000000
2354 2.660000 0.000000
2355 2.660000 0.000000
2356 2.720000 0.735294
2357 3.620000 1.104972
2358 4.960000 0.000000
2359 4.060000 0.000000
2360 4.060000 0.000000
2361 4.060000 0.000000
2362 4.060000 0.000000
2363 4.040000 0.000000
2364 4.020000 0.000000
2365 4.280000 0.000000
2366 5.020000 0.000000
2367 4.240000 0.471698
2368 4.880000 0.000000
2369 4.700000 0.425532
2370 4.700000 0.000000
2371 4.240000 0.000000
2372 1.500000 0.000000
2373 1.420000 0.000000
2374 1.420000 0.000000
2375 1.420000 0.000000
2376 1.420000 0.000000
2377 1.780000 0.000000
2378 1.780000 0.000000
2379 1.780000 0.000000
2380 1.780000 0.000000
2381 1.780000 0.000000
2382 1.780000 0.000000
2383 1.780000 0.000000
2384 1.780000 0.000000
2385 1.780000 0.000000
2386 1.780000 0.000000
2387 1.780000 0.000000
2388 1.780000 0.000000
2389 1.780000 0.000000
2390 1.780000 0.000000
2391 1.780000 0.000000
2392 1.780000 0.000000
2393 1.780000 0.000000
2394 1.780000 0.000000
2395 1.780000 0.000000
2396 1.780000 0.000000
2397 1.780000 0.000000
2398 1.780000 0.000000
2399 1.780000 0.000000
2400 1.780000 0.000000
2401 1.780000 0.000000
2402 1.780000 0.000000
2403 1.780000 0.000000
2404 1.780000 0.000000
2405 1.780000 0.000000
2406 1.780000 0.000000
2407 1.780000 0.000000
2408 1.780000 0.000000
2409 1.780000 0.000000
2410 1.780000 0.000000
2411 1.780000 0.000000
2412 1.780000 0.000000
2413 1.780000 0.000000
2414 1.780000 0.000000
2415 1.780000 1.123596
2416 1.780000 0.000000
2417 1.780000 0.000000
2418 1.780000 0.000000
2419 1.780000 0.000000
2420 1.780000 0.000000
2421 1.780000 0.000000
2422 1.780000 0.000000
2423 1.780000 0.000000
2424 1.780000 0.000000
2425 1.780000 0.000000
2426 1.780000 0.000000
2427 1.780000 0.000000
2428 1.780000 0.000000
2429 1.780000 0.000000
2430 1.780000 0.000000
2431 1.780000 0.000000
2432 1.780000 0.000000
2433 1.880000 2.127660
2434 1.780000 0.000000
2435 1.780000 0.000000
2436 1.780000 0.000000
2437 1.780000 0.000000
2438 1.840000 1.086957
2439 1.680000 0.000000
2440 0.960000 0.000000
2441 0.960000 0.000000
2442 0.540000 0.000000
2443 0.540000 0.000000
2444 0.540000 0.000000
2445 0.540000 0.000000
2446 3.580000 0.000000
2447 2.880000 0.000000
2448 4.600000 0.000000
2449 4.600000 0.000000
2450 4.640000 0.431034
2451 4.600000 0.000000
2452 4.600000 0.000000
2453 4.600000 0.000000
2454 4.600000 0.000000
2455 4.600000 0.000000
2456 4.040000 0.495050
2457 4.600000 0.434783
2458 4.600000 0.000000
2459 4.600000 0.000000
2460 4.600000 0.000000
2461 4.600000 0.434783
2462 4.600000 0.000000
2463 4.600000 0.000000
2464 4.600000 0.000000
2465 2.000000 1.000000
2466 1.780000 0.000000
2467 1.780000 0.000000
2468 1.780000 0.000000
2469 1.780000 0.000000
2470 1.780000 0.000000
2471 1.780000 0.000000
2472 1.780000 0.000000
2473 1.780000 0.000000
2474 1.780000 0.000000
2475 1.780000 0.000000
2476 1.780000 0.000000
2477 1.780000 0.000000
2478 1.780000 0.000000
2479 1.780000 0.000000
2480 1.780000 0.000000
2481 1.780000 0.000000
2482 1.780000 0.000000
2483 1.780000 0.000000
2484 1.780000 0.000000
2485 1.780000 0.000000
2486 1.780000 0.000000
2487 1.780000 0.000000
2488 1.780000 0.000000
2489 1.780000 0.000000
2490 1.780000 0.000000
2491 1.780000 0.000000
2492 1.780000 0.000000
2493 1.780000 0.000000
2494 1.780000 1.123596
2495 1.780000 0.000000
2496 1.780000 0.000000
2497 1.780000 0.000000
2498 1.780000 0.000000
2499 1.780000 0.000000
2500 1.780000 0.000000
2501 1.780000 0.000000
2502 1.780000 0.000000
2503 1.780000 0.000000
2504 1.780000 0.000000
2505 1.780000 0.000000
2506 1.780000 0.000000
2507 1.780000 0.000000
2508 1.780000 0.000000
2509 1.780000 0.000000
2510 1.780000 0.000000
2511 1.780000 1.123596
2512 1.780000 0.000000
2513 1.780000 0.000000
2514 1.780000 0.000000
2515 1.780000 0.000000
2516 1.780000 0.000000
2517 1.780000 0.000000
2518 1.780000 0.000000
2519 1.780000 0.000000
2520 1.780000 0.000000
2521 1.780000 0.000000
2522 1.780000 0.000000
2523 1.780000 0.000000
2524 1.780000 0.000000
2525 1.780000 0.000000
2526 1.780000 0.000000
2527 1.780000 0.000000
2528 1.780000 0.000000
2529 1.780000 0.000000
2530 1.780000 0.000000
2531 1.780000 1.123596
2532 1.780000 0.000000
2533 1.780000 0.000000
2534 1.780000 0.000000
2535 1.780000 0.000000
2536 1.780000 0.000000
2537 1.780000 0.000000
2538 1.780000 0.000000
2539 1.780000 0.000000
2540 1.780000 0.000000
2541 1.780000 0.000000
2542 1.780000 0.000000
2543 1.780000 0.000000
2544 1.780000 0.000000
2545 1.800000 1.111111
2546 1.780000 1.123596
2547 1.260000 1.587302
2548 4.600000 0.000000
2549 4.060000 0.000000
2550 3.860000 0.000000
2551 4.600000 0.000000
2552 4.600000 0.000000
2553 4.600000 0.434783
2554 5.020000 0.000000
2555 4.700000 0.000000
2556 4.700000 0.425532
2557 4.600000 0.000000
2558 5.060000 0.000000
2559 4.320000 0.000000
2560 4.320000 0.000000
2561 4.320000 0.000000
2562 5.020000 0.000000
2563 5.040000 0.000000
2564 5.040000 0.000000
2565 5.040000 0.000000
2566 5.040000 0.000000
2567 5.040000 0.000000
2568 4.960000 0.806452
2569 4.580000 0.000000
2570 4.760000 0.000000
2571 4.760000 0.000000
2572 4.760000 0.000000
2573 4.760000 0.000000
2574 4.760000 0.000000
2575 4.760000 0.000000
2576 1.980000 1.010101
2577 3.520000 0.568182
2578 4.040000 0.000000
2579 1.480000 0.000000
2580 2.240000 0.000000
2581 2.320000 0.000000
2582 2.420000 0.000000
2583 2.320000 0.000000
2584 1.480000 0.000000
2585 1.480000 0.000000
2586 2.240000 0.000000
2587 2.320000 0.000000
2588 2.320000 0.000000
2589 1.860000 0.000000
2590 1.860000 0.000000
2591 2.460000 0.000000
2592 2.220000 0.000000
2593 2.220000 0.000000
2594 2.220000 0.000000
2595 2.220000 0.000000
2596 2.460000 0.000000
2597 2.460000 0.000000
2598 2.460000 0.000000
2599 2.460000 0.000000
2600 2.460000 0.813008
2601 2.460000 0.000000
2602 2.460000 0.000000
2603 2.460000 0.000000
2604 2.460000 0.000000
2605 2.620000 0.763359
2606 2.460000 0.000000
2607 2.460000 0.000000
2608 2.460000 0.000000
2609 2.460000 0.000000
2610 2.460000 0.000000
2611 2.460000 0.000000
2612 2.460000 0.813008
2613 2.460000 0.000000
2614 2.460000 0.000000
2615 2.460000 0.000000
2616 2.460000 0.000000
2617 2.460000 0.000000
2618 2.460000 0.000000
2619 2.460000 0.000000
2620 2.460000 0.000000
2621 2.460000 0.000000
2622 2.460000 0.000000
2623 2.460000 0.000000
2624 2.460000 0.000000
2625 2.460000 0.000000
2626 2.460000 0.000000
2627 3.120000 0.641026
2628 2.460000 0.000000
2629 2.460000 0.000000
2630 2.460000 0.000000
2631 2.460000 0.000000
2632 2.460000 0.000000
2633 2.460000 0.000000
2634 2.460000 0.000000
2635 2.460000 0.000000
2636 2.460000 0.000000
2637 2.460000 0.000000
2638 2.460000 0.000000
2639 2.460000 0.000000
2640 2.460000 0.000000
2641 2.460000 0.000000
2642 2.460000 0.000000
2643 2.460000 0.000000
2644 2.560000 0.781250
2645 2.460000 0.000000
2646 2.460000 0.000000
2647 2.460000 0.000000
2648 2.460000 0.000000
2649 2.460000 0.000000
2650 2.420000 0.826446
2651 2.460000 0.000000
2652 2.460000 0.000000
2653 2.460000 0.000000
2654 2.460000 0.000000
2655 2.460000 0.000000
2656 2.460000 0.000000
2657 2.460000 0.000000
2658 2.460000 0.000000
2659 2.460000 0.000000
2660 2.460000 0.000000
2661 2.520000 0.793651
2662 2.480000 0.000000
2663 2.460000 0.000000
2664 2.580000 0.000000
2665 3.780000 0.000000
2666 3.780000 0.000000
2667 3.780000 0.000000
2668 3.780000 0.000000
2669 3.780000 0.000000
2670 3.780000 0.000000
2671 3.780000 0.000000
2672 3.780000 0.000000
2673 3.780000 0.000000
2674 2.840000 0.704225
2675 2.460000 0.000000
2676 2.400000 0.833333
2677 2.460000 0.000000
2678 2.460000 0.000000
2679 1.160000 0.000000
2680 1.080000 0.000000
2681 2.400000 0.000000
2682 3.780000 0.000000
2683 3.020000 0.000000
2684 2.460000 0.000000
2685 2.460000 0.000000
2686 2.460000 0.000000
2687 2.460000 0.000000
2688 2.460000 0.000000
2689 2.460000 0.000000
2690 2.460000 0.813008
2691 2.460000 0.813008
2692 2.460000 0.000000
2693 2.460000 0.000000
2694 2.460000 0.000000
2695 2.460000 0.000000
2696 2.460000 0.000000
2697 2.460000 0.000000
2698 2.460000 0.000000
2699 2.460000 0.000000
2700 2.460000 0.813008
2701 2.460000 0.000000
2702 2.460000 0.000000
2703 2.460000 0.000000
2704 2.460000 0.000000
2705 2.460000 0.000000
2706 2.460000 0.000000
2707 2.460000 0.000000
2708 2.460000 0.000000
2709 2.460000 0.000000
2710 2.460000 0.813008
2711 2.460000 0.813008
2712 2.460000 0.000000
2713 2.460000 0.000000
2714 2.460000 0.000000
2715 2.460000 0.000000
2716 2.460000 0.000000
2717 2.460000 0.000000
2718 2.460000 0.000000
2719 2.460000 0.000000
2720 2.460000 0.000000
2721 2.460000 0.813008
2722 2.460000 0.000000
2723 2.460000 0.000000
2724 2.460000 0.000000
2725 2.460000 0.000000
2726 2.460000 0.000000
2727 2.460000 0.000000
2728 2.460000 0.000000
2729 2.460000 0.000000
2730 2.460000 0.000000
2731 2.460000 0.000000
2732 2.460000 0.000000
2733 2.460000 0.000000
2734 2.460000 0.000000
2735 2.260000 0.884956
2736 2.460000 0.000000
2737 2.460000 0.000000
2738 2.460000 0.000000
2739 2.460000 0.000000
2740 2.460000 0.000000
2741 3.500000 0.571429
2742 2.460000 0.000000
2743 2.460000 0.000000
2744 0.760000 0.000000
2745 0.300000 0.000000
2746 0.320000 0.000000
2747 0.340000 0.000000
2748 2.460000 0.000000
2749 2.460000 0.000000
2750 2.460000 0.000000
2751 2.460000 0.000000
2752 2.460000 0.000000
2753 2.460000 0.813008
2754 2.460000 0.000000
2755 2.460000 0.000000
2756 2.460000 0.000000
2757 2.460000 0.813008
2758 2.460000 0.000000
2759 2.460000 0.000000
2760 2.460000 0.000000
2761 2.460000 0.000000
2762 2.460000 0.000000
2763 2.460000 0.000000
2764 2.460000 0.000000
2765 2.460000 0.000000
2766 2.460000 0.000000
2767 2.460000 0.000000
2768 2.460000 0.000000
2769 2.460000 0.000000
2770 2.460000 0.000000
2771 2.460000 0.000000
2772 2.460000 0.000000
2773 2.460000 0.000000
2774 2.460000 0.000000
2775 2.460000 0.000000
2776 2.460000 0.000000
2777 2.460000 0.000000
2778 2.460000 0.000000
2779 2.460000 0.000000
2780 2.460000 0.813008
2781 2.460000 0.000000
2782 2.460000 0.000000
2783 2.520000 0.793651
2784 2.460000 0.000000
2785 1.620000 0.000000
2786 2.460000 0.000000
2787 2.460000 0.000000
2788 2.460000 0.813008
2789 2.620000 0.000000
2790 2.620000 0.000000
2791 2.620000 0.000000
2792 2.620000 0.000000
2793 2.620000 0.000000
2794 2.620000 0.763359
2795 2.620000 0.000000
2796 2.620000 0.000000
2797 2.620000 0.000000
2798 2.620000 0.000000
2799 2.620000 0.000000
2800 2.620000 0.000000
2801 2.620000 0.000000
2802 2.620000 0.000000
2803 3.020000 0.662252
2804 2.400000 0.833333
2805 2.620000 0.763359
2806 2.620000 0.000000
2807 3.920000 0.510204
2808 2.620000 0.000000
2809 2.620000 0.000000
2810 2.620000 0.000000
2811 2.620000 0.000000
2812 2.620000 0.000000
2813 2.620000 0.000000
2814 2.620000 0.000000
2815 2.620000 0.000000
2816 2.620000 0.763359
2817 2.620000 0.000000
2818 2.620000 0.763359
2819 2.620000 0.763359
2820 2.620000 0.000000
2821 2.620000 0.000000
2822 2.620000 0.000000
2823 2.620000 0.000000
2824 2.620000 0.000000
2825 2.620000 0.000000
2826 2.620000 0.000000
2827 1.120000 1.785714
2828 1.100000 0.000000
2829 1.100000 0.000000
2830 0.540000 0.000000
2831 0.540000 0.000000
2832 5.580000 0.000000
2833 5.580000 0.000000
2834 5.580000 0.000000
2835 5.580000 0.000000
2836 5.580000 0.000000
2837 5.580000 0.000000
2838 5.580000 0.000000
2839 4.160000 0.480769
2840 4.760000 0.000000
2841 2.620000 0.000000
2842 2.620000 0.000000
2843 2.620000 0.000000
2844 2.620000 0.000000
2845 2.620000 0.000000
2846 2.620000 0.763359
2847 2.620000 0.000000
2848 2.620000 0.000000
2849 2.620000 0.000000
2850 2.620000 0.000000
2851 2.620000 0.000000
2852 2.620000 0.000000
2853 2.620000 0.000000
2854 2.620000 0.000000
2855 2.620000 0.763359
2856 2.620000 0.000000
2857 2.620000 0.000000
2858 2.620000 0.000000
2859 2.620000 0.000000
2860 2.620000 0.000000
2861 2.620000 0.000000
2862 2.620000 0.000000
2863 2.620000 0.000000
2864 2.620000 0.000000
2865 2.620000 0.000000
2866 2.620000 0.000000
2867 2.620000 0.000000
2868 2.620000 0.000000
2869 2.620000 0.763359
2870 2.620000 0.763359
2871 2.620000 0.000000
2872 2.620000 0.000000
2873 2.620000 0.000000
2874 2.620000 0.000000
2875 2.620000 0.000000
2876 2.620000 0.000000
2877 2.620000 0.000000
2878 2.620000 0.763359
2879 2.560000 0.781250
2880 2.460000 0.000000
2881 2.460000 0.000000
2882 2.460000 0.000000
2883 2.460000 0.000000
2884 2.460000 0.000000
2885 2.460000 0.000000
2886 2.460000 0.000000
2887 2.460000 0.000000
2888 2.460000 0.813008
2889 2.460000 0.000000
2890 2.460000 0.000000
2891 2.460000 0.000000
2892 2.460000 0.000000
2893 2.460000 0.813008
2894 2.460000 0.000000
2895 2.500000 0.800000
2896 2.460000 0.000000
2897 2.460000 0.000000
2898 2.460000 0.000000
2899 2.460000 0.000000
2900 2.460000 0.000000
2901 2.460000 0.000000
2902 2.460000 0.000000
2903 2.620000 0.000000
2904 2.620000 0.000000
2905 2.460000 0.000000
2906 2.460000 0.000000
2907 2.460000 0.000000
2908 2.460000 0.000000
2909 2.460000 0.000000
2910 2.560000 0.781250
2911 2.620000 0.000000
2912 2.620000 0.000000
2913 2.620000 0.000000
2914 2.620000 0.763359
2915 2.620000 0.000000
2916 2.620000 0.000000
2917 2.620000 0.000000
2918 2.620000 0.000000
2919 2.620000 0.000000
2920 2.620000 0.000000
2921 2.620000 0.000000
2922 2.620000 0.000000
2923 2.620000 0.000000
2924 2.620000 0.000000
2925 2.620000 0.000000
2926 2.620000 0.000000
2927 2.620000 0.000000
2928 2.620000 0.000000
2929 2.620000 0.000000
2930 2.620000 0.000000
2931 2.620000 0.000000
2932 2.620000 0.000000
2933 2.620000 0.000000
2934 2.620000 0.000000
2935 2.620000 0.000000
2936 2.620000 0.000000
2937 2.620000 0.000000
2938 2.620000 0.000000
2939 2.720000 0.735294
2940 2.620000 0.000000
2941 2.400000 1.666667
2942 1.820000 0.000000
2943 2.800000 0.000000
2944 2.320000 0.000000
2945 2.800000 0.000000
2946 2.800000 0.000000
2947 2.980000 0.000000
2948 7.120000 0.000000
2949 4.780000 0.000000
2950 4.780000 0.000000
2951 4.780000 0.000000
2952 4.780000 0.000000
2953 4.680000 0.427350
2954 3.600000 0.000000
2955 2.420000 0.000000
2956 1.820000 0.000000
2957 1.820000 0.000000
2958 1.820000 0.000000
2959 1.820000 0.000000
2960 1.820000 0.000000
2961 1.820000 0.000000
2962 1.820000 0.000000
2963 1.820000 0.000000
2964 1.980000 1.010101
2965 2.040000 0.000000
2966 2.040000 0.000000
2967 1.860000 0.000000
2968 3.920000 0.000000
2969 1.260000 0.000000
2970 1.860000 0.000000
2971 1.640000 0.000000
2972 0.640000 0.000000
2973 1.640000 0.000000
2974 0.540000 0.000000
2975 0.960000 4.166667
2976 0.540000 0.000000
2977 0.540000 0.000000
2978 0.700000 0.000000
2979 0.540000 0.000000
2980 3.280000 0.609756
2981 3.780000 0.000000
2982 3.780000 0.000000
2983 3.780000 0.000000
2984 3.780000 0.000000
2985 3.780000 0.000000
2986 3.500000 0.571429
2987 2.800000 0.000000
2988 6.880000 0.290698
2989 4.660000 0.000000
2990 0.420000 0.000000
2991 0.420000 0.000000
2992 0.420000 0.000000
2993 3.780000 0.000000
2994 3.780000 0.000000
2995 4.120000 0.485437
2996 3.780000 0.000000
2997 3.780000 0.000000
2998 3.780000 0.529101
2999 2.480000 0.806452
3000 0.320000 6.250000
3001 2.460000 0.000000
3002 2.460000 0.000000
3003 1.620000 1.234568
3004 2.580000 0.000000
3005 3.780000 0.000000
3006 3.780000 0.000000
3007 3.780000 0.000000
3008 3.780000 0.000000
3009 3.780000 0.000000
3010 3.780000 0.000000
3011 3.780000 0.000000
3012 3.780000 0.000000
3013 3.780000 0.000000
3014 3.780000 0.000000
3015 3.780000 0.529101
3016 3.780000 0.000000
3017 3.780000 0.000000
3018 3.780000 0.000000
3019 3.780000 0.529101
3020 2.840000 0.000000
3021 3.780000 0.529101
3022 3.780000 0.000000
3023 3.780000 0.000000
3024 2.840000 0.000000
3025 2.460000 0.000000
3026 2.120000 0.000000
3027 2.460000 0.000000
3028 1.940000 0.000000
3029 1.940000 0.000000
3030 2.460000 0.000000
3031 2.460000 0.000000
3032 2.460000 0.000000
3033 2.460000 0.813008
3034 2.460000 0.000000
3035 2.460000 0.000000
3036 2.460000 0.000000
3037 2.460000 0.000000
3038 2.460000 0.000000
3039 2.460000 0.000000
3040 2.460000 0.000000
3041 2.460000 0.000000
3042 2.460000 0.000000
3043 2.460000 0.000000
3044 2.460000 0.000000
3045 2.460000 0.000000
3046 2.460000 0.000000
3047 2.420000 0.826446
3048 1.520000 0.000000
3049 1.940000 0.000000
3050 1.940000 0.000000
3051 2.460000 0.000000
3052 2.460000 0.000000
3053 2.780000 0.719424
3054 2.500000 0.000000
3055 1.960000 0.000000
3056 2.460000 0.000000
3057 2.460000 0.000000
3058 2.460000 0.000000
3059 2.460000 0.000000
3060 2.140000 0.000000
3061 2.080000 0.000000
3062 6.360000 0.000000
3063 1.220000 0.000000
3064 1.220000 0.000000
3065 2.080000 0.000000
3066 2.080000 0.000000
3067 2.560000 0.000000
3068 2.620000 0.000000
3069 11.600000 0.000000
3070 7.060000 0.000000
3071 12.420000 0.000000
3072 74.600000 0.000000
3073 17.600000 0.000000
3074 17.600000 0.113636
3075 17.600000 0.000000
3076 17.600000 0.000000
3077 40.800000 0.049020
3078 17.600000 0.000000
3079 17.600000 0.000000
3080 17.600000 0.000000
3081 36.720000 0.054466
3082 17.600000 0.000000
3083 27.800000 0.143885
3084 17.600000 0.113636
3085 36.720000 0.054466
3086 15.400000 0.389610
3087 17.540000 0.000000
3088 13.080000 0.152905
3089 15.560000 0.128535
3090 12.520000 0.159744
3091 13.080000 0.000000
3092 13.080000 0.000000
3093 13.080000 0.000000
3094 13.080000 0.000000
3095 1.320000 0.000000
3096 11.020000 0.000000
3097 13.080000 0.000000
3098 27.020000 0.074019
3099 13.080000 0.000000
3100 13.080000 0.000000
3101 13.080000 0.000000
3102 22.580000 0.088574
3103 18.260000 0.109529
3104 13.080000 0.152905
3105 13.080000 0.000000
3106 13.080000 0.000000
3107 13.080000 0.000000
3108 13.080000 0.000000
3109 16.800000 0.238095
3110 1.920000 1.041667
3111 1.920000 0.000000
3112 1.920000 0.000000
3113 1.920000 0.000000
3114 1.920000 0.000000
3115 1.920000 0.000000
3116 1.920000 0.000000
3117 1.920000 0.000000
3118 2.020000 0.990099
3119 1.860000 0.000000
3120 1.920000 0.000000
3121 1.920000 0.000000
3122 13.500000 0.148148
3123 14.920000 0.134048
3124 12.540000 0.000000
3125 12.760000 0.000000
3126 12.760000 0.156740
3127 19.520000 0.000000
3128 1.900000 0.000000
3129 12.760000 0.156740
3130 15.400000 0.129870
3131 12.540000 0.000000
3132 7.160000 0.000000
3133 12.800000 0.000000
3134 7.380000 0.271003
3135 21.900000 0.000000
3136 10.540000 0.000000
3137 10.540000 0.000000
3138 10.540000 0.000000
3139 10.540000 0.000000
3140 10.540000 0.189753
3141 20.540000 0.389484
3142 4.360000 0.458716
3143 4.340000 0.000000
3144 4.340000 0.000000
3145 4.360000 0.000000
3146 11.660000 0.171527
3147 4.540000 0.000000
3148 12.180000 0.000000
3149 9.400000 0.000000
3150 9.400000 0.212766
3151 9.640000 0.000000
3152 9.620000 0.207900
3153 1.940000 0.000000
3154 1.940000 0.000000
3155 1.940000 1.030928
3156 26.860000 0.297841
3157 0.540000 0.000000
3158 0.540000 0.000000
3159 1225.520000 0.093022
3160 1115.320000 0.091454
3161 0.180000 0.000000
