0 0.180000 0.000000
1 0.300000 0.000000
2 0.440000 0.000000
3 5.320000 0.000000
4 3.940000 0.000000
5 2.060000 0.000000
6 2.700000 0.000000
7 3.660000 0.000000
8 2.980000 0.000000
9 3.160000 0.000000
10 2.620000 0.000000
11 26.820000 0.074571
12 11.500000 0.000000
13 11.760000 0.000000
14 12.020000 0.000000
15 13.860000 0.000000
16 13.220000 0.000000
17 12.180000 0.000000
18 14.960000 0.000000
19 11.740000 0.000000
20 11.940000 0.000000
21 13.400000 0.000000
22 12.720000 0.000000
23 12.720000 0.000000
24 12.720000 0.000000
25 12.080000 0.000000
26 12.080000 0.000000
27 12.060000 0.000000
28 12.080000 0.000000
29 12.660000 0.000000
30 12.780000 0.000000
31 12.780000 0.000000
32 12.780000 0.000000
33 12.760000 0.000000
34 12.900000 0.000000
35 12.480000 0.000000
36 12.480000 0.000000
37 12.480000 0.000000
38 12.240000 0.163399
39 12.460000 0.000000
40 12.480000 0.000000
41 12.480000 0.000000
42 12.900000 0.000000
43 12.860000 0.000000
44 12.860000 0.000000
45 12.860000 0.000000
46 12.860000 0.000000
47 12.860000 0.000000
48 12.480000 0.000000
49 12.480000 0.000000
50 12.480000 0.000000
51 12.480000 0.000000
52 12.480000 0.000000
53 12.860000 0.000000
54 12.460000 0.000000
55 12.480000 0.000000
56 12.480000 0.000000
57 12.480000 0.000000
58 12.480000 0.000000
59 12.860000 0.000000
60 12.460000 0.000000
61 12.480000 0.000000
62 12.480000 0.000000
63 12.860000 0.000000
64 12.480000 0.000000
65 12.480000 0.000000
66 12.480000 0.000000
67 12.480000 0.000000
68 12.480000 0.000000
69 12.480000 0.000000
70 12.480000 0.000000
71 12.480000 0.000000
72 12.480000 0.000000
73 12.480000 0.000000
74 12.480000 0.000000
75 12.480000 0.000000
76 12.480000 0.000000
77 12.480000 0.000000
78 12.480000 0.000000
79 12.480000 0.000000
80 12.480000 0.000000
81 12.480000 0.000000
82 12.480000 0.160256
83 12.480000 0.000000
84 12.480000 0.000000
85 12.480000 0.000000
86 12.480000 0.000000
87 1.380000 1.449275
88 6.320000 0.000000
89 3.220000 0.000000
90 3.040000 0.000000
91 3.340000 0.000000
92 4.360000 0.000000
93 3.560000 0.000000
94 3.260000 0.000000
95 3.960000 0.000000
96 19.560000 0.000000
97 24.660000 0.000000
98 34.820000 0.000000
99 11.500000 0.000000
100 11.500000 0.000000
101 11.500000 0.000000
102 11.500000 0.000000
103 11.500000 0.000000
104 11.500000 0.000000
105 11.500000 0.000000
106 11.500000 0.000000
107 11.500000 0.000000
108 11.500000 0.000000
109 11.500000 0.000000
110 11.500000 0.000000
111 11.500000 0.000000
112 11.500000 0.000000
113 11.500000 0.000000
114 11.500000 0.000000
115 11.500000 0.000000
116 11.500000 0.173913
117 11.500000 0.000000
118 11.500000 0.000000
119 11.500000 0.000000
120 11.500000 0.000000
121 11.500000 0.000000
122 11.500000 0.000000
123 11.500000 0.000000
124 11.500000 0.000000
125 11.500000 0.000000
126 11.500000 0.000000
127 11.500000 0.000000
128 11.500000 0.000000
129 11.500000 0.000000
130 11.500000 0.000000
131 11.500000 0.000000
132 11.500000 0.000000
133 11.500000 0.000000
134 11.500000 0.000000
135 11.500000 0.000000
136 11.500000 0.000000
137 11.500000 0.000000
138 11.500000 0.000000
139 11.500000 0.173913
140 11.500000 0.000000
141 11.500000 0.000000
142 11.500000 0.000000
143 11.500000 0.000000
144 11.500000 0.000000
145 11.500000 0.000000
146 11.500000 0.000000
147 11.500000 0.000000
148 11.500000 0.000000
149 11.500000 0.000000
150 11.500000 0.000000
151 11.500000 0.000000
152 11.500000 0.000000
153 11.500000 0.000000
154 11.500000 0.000000
155 11.500000 0.000000
156 11.500000 0.000000
157 11.500000 0.000000
158 11.500000 0.000000
159 11.500000 0.000000
160 11.500000 0.000000
161 11.500000 0.000000
162 11.500000 0.000000
163 11.500000 0.000000
164 11.500000 0.000000
165 11.500000 0.000000
166 11.500000 0.000000
167 11.500000 0.000000
168 11.500000 0.000000
169 11.500000 0.000000
170 11.500000 0.000000
171 11.500000 0.000000
172 11.500000 0.000000
173 11.500000 0.000000
174 11.500000 0.000000
175 11.500000 0.000000
176 11.500000 0.000000
177 11.500000 0.000000
178 11.500000 0.000000
179 11.500000 0.000000
180 11.500000 0.000000
181 11.500000 0.000000
182 11.500000 0.000000
183 11.500000 0.000000
184 11.500000 0.000000
185 11.500000 0.000000
186 11.500000 0.000000
187 11.500000 0.000000
188 11.500000 0.000000
189 11.500000 0.000000
190 11.500000 0.000000
191 11.500000 0.000000
192 11.500000 0.173913
193 11.500000 0.000000
194 11.500000 0.000000
195 11.500000 0.000000
196 11.500000 0.000000
197 11.500000 0.000000
198 11.500000 0.000000
199 11.500000 0.000000
200 11.500000 0.000000
201 13.300000 0.150376
202 17.420000 0.000000
203 18.700000 0.000000
204 26.440000 0.075643
205 26.440000 0.000000
206 24.420000 0.081900
207 14.300000 0.000000
208 14.300000 0.000000
209 14.300000 0.000000
210 14.300000 0.000000
211 14.300000 0.000000
212 14.300000 0.000000
213 7.720000 0.259067
214 14.300000 0.000000
215 14.300000 0.000000
216 14.300000 0.000000
217 14.300000 0.000000
218 14.300000 0.139860
219 14.300000 0.000000
220 14.300000 0.000000
221 14.300000 0.000000
222 14.300000 0.000000
223 11.500000 0.173913
224 14.300000 0.139860
225 14.300000 0.000000
226 48.300000 0.041408
227 14.300000 0.000000
228 13.720000 0.145773
229 14.300000 0.000000
230 14.300000 0.000000
231 14.300000 0.000000
232 14.300000 0.000000
233 14.300000 0.000000
234 14.300000 0.000000
235 14.300000 0.000000
236 14.300000 0.000000
237 14.300000 0.000000
238 14.300000 0.000000
239 14.300000 0.000000
240 14.300000 0.000000
241 14.300000 0.000000
242 14.300000 0.000000
243 14.300000 0.000000
244 14.300000 0.000000
245 14.300000 0.000000
246 14.300000 0.000000
247 14.300000 0.000000
248 14.300000 0.000000
249 14.300000 0.000000
250 14.300000 0.000000
251 14.300000 0.000000
252 14.300000 0.000000
253 14.300000 0.000000
254 14.300000 0.000000
255 23.460000 0.085251
256 14.300000 0.000000
257 14.300000 0.000000
258 14.300000 0.000000
259 14.300000 0.000000
260 14.300000 0.000000
261 14.300000 0.000000
262 14.300000 0.000000
263 14.300000 0.000000
264 14.300000 0.139860
265 14.300000 0.000000
266 14.300000 0.000000
267 14.300000 0.000000
268 14.300000 0.000000
269 14.300000 0.000000
270 14.300000 0.139860
271 14.300000 0.000000
272 14.300000 0.000000
273 14.300000 0.000000
274 14.300000 0.000000
275 14.300000 0.000000
276 7.120000 0.280899
277 10.640000 0.000000
278 10.640000 0.000000
279 10.640000 0.000000
280 12.080000 0.000000
281 12.080000 0.000000
282 12.080000 0.000000
283 11.200000 0.178571
284 12.080000 0.000000
285 12.080000 0.000000
286 12.080000 0.000000
287 12.080000 0.000000
288 12.080000 0.000000
289 12.080000 0.000000
290 12.080000 0.000000
291 12.080000 0.000000
292 12.080000 0.000000
293 12.080000 0.000000
294 12.080000 0.000000
295 12.080000 0.000000
296 12.080000 0.000000
297 12.080000 0.000000
298 12.080000 0.000000
299 12.080000 0.000000
300 12.080000 0.000000
301 12.080000 0.000000
302 12.080000 0.000000
303 12.080000 0.000000
304 12.080000 0.000000
305 12.080000 0.000000
306 12.080000 0.000000
307 12.080000 0.000000
308 12.080000 0.000000
309 12.080000 0.000000
310 12.080000 0.000000
311 12.080000 0.000000
312 12.080000 0.000000
313 12.080000 0.000000
314 12.080000 0.000000
315 12.080000 0.000000
316 12.080000 0.000000
317 12.080000 0.000000
318 12.080000 0.000000
319 12.080000 0.000000
320 12.080000 0.000000
321 12.080000 0.000000
322 12.080000 0.000000
323 12.080000 0.000000
324 12.080000 0.000000
325 12.080000 0.000000
326 27.960000 0.071531
327 12.080000 0.165563
328 12.080000 0.000000
329 12.080000 0.000000
330 12.080000 0.000000
331 12.080000 0.000000
332 12.080000 0.000000
333 12.080000 0.000000
334 12.080000 0.000000
335 12.080000 0.000000
336 12.080000 0.000000
337 12.080000 0.000000
338 12.080000 0.000000
339 12.080000 0.000000
340 12.080000 0.000000
341 12.080000 0.000000
342 12.080000 0.000000
343 12.080000 0.000000
344 12.080000 0.000000
345 12.080000 0.000000
346 12.080000 0.000000
347 12.080000 0.000000
348 12.080000 0.000000
349 12.080000 0.000000
350 12.080000 0.000000
351 12.080000 0.000000
352 12.080000 0.000000
353 12.080000 0.000000
354 12.080000 0.000000
355 12.080000 0.000000
356 12.080000 0.000000
357 12.080000 0.000000
358 12.080000 0.000000
359 12.080000 0.000000
360 12.080000 0.000000
361 12.080000 0.000000
362 12.080000 0.000000
363 12.080000 0.000000
364 12.080000 0.000000
365 12.080000 0.000000
366 12.080000 0.000000
367 12.080000 0.000000
368 12.080000 0.000000
369 12.080000 0.000000
370 12.080000 0.000000
371 12.080000 0.000000
372 12.080000 0.000000
373 12.080000 0.000000
374 12.080000 0.000000
375 12.080000 0.000000
376 12.080000 0.000000
377 12.080000 0.000000
378 12.080000 0.000000
379 9.840000 0.203252
380 12.080000 0.000000
381 12.080000 0.000000
382 12.080000 0.000000
383 12.080000 0.000000
384 12.080000 0.000000
385 12.080000 0.000000
386 12.080000 0.000000
387 12.080000 0.000000
388 12.080000 0.000000
389 12.080000 0.000000
390 12.080000 0.000000
391 12.080000 0.000000
392 12.080000 0.000000
393 12.080000 0.165563
394 12.080000 0.000000
395 12.080000 0.000000
396 12.080000 0.000000
397 12.080000 0.000000
398 12.080000 0.000000
399 12.080000 0.000000
400 12.080000 0.000000
401 12.080000 0.000000
402 12.080000 0.000000
403 12.080000 0.000000
404 12.080000 0.000000
405 12.080000 0.000000
406 12.080000 0.000000
407 12.080000 0.000000
408 12.080000 0.000000
409 12.080000 0.000000
410 12.080000 0.000000
411 12.080000 0.000000
412 12.080000 0.000000
413 12.080000 0.000000
414 12.080000 0.000000
415 12.080000 0.000000
416 12.080000 0.000000
417 12.080000 0.000000
418 12.080000 0.000000
419 12.080000 0.000000
420 12.080000 0.000000
421 12.080000 0.000000
422 12.080000 0.000000
423 12.080000 0.000000
424 12.080000 0.000000
425 8.160000 0.245098
426 12.080000 0.000000
427 12.080000 0.000000
428 12.080000 0.000000
429 12.080000 0.000000
430 12.080000 0.000000
431 12.080000 0.000000
432 12.080000 0.000000
433 12.080000 0.000000
434 12.080000 0.000000
435 12.080000 0.000000
436 12.080000 0.000000
437 12.080000 0.000000
438 12.080000 0.000000
439 12.080000 0.165563
440 12.080000 0.000000
441 12.080000 0.000000
442 12.080000 0.000000
443 12.080000 0.000000
444 12.080000 0.000000
445 12.080000 0.000000
446 12.080000 0.000000
447 12.080000 0.000000
448 12.080000 0.000000
449 12.080000 0.000000
450 12.080000 0.000000
451 12.080000 0.000000
452 12.080000 0.000000
453 12.080000 0.000000
454 12.080000 0.000000
455 12.080000 0.000000
456 12.080000 0.000000
457 12.080000 0.000000
458 12.080000 0.000000
459 12.080000 0.000000
460 12.080000 0.000000
461 12.080000 0.000000
462 12.080000 0.000000
463 12.080000 0.000000
464 12.080000 0.165563
465 12.080000 0.000000
466 12.080000 0.000000
467 12.080000 0.000000
468 12.080000 0.000000
469 12.080000 0.000000
470 12.080000 0.000000
471 12.080000 0.000000
472 12.080000 0.000000
473 12.080000 0.000000
474 12.080000 0.000000
475 11.720000 0.170648
476 16.060000 0.124533
477 12.080000 0.000000
478 12.080000 0.000000
479 12.080000 0.000000
480 12.080000 0.000000
481 12.080000 0.000000
482 12.080000 0.000000
483 12.080000 0.000000
484 12.080000 0.000000
485 12.080000 0.000000
486 12.080000 0.000000
487 12.080000 0.000000
488 12.080000 0.000000
489 12.080000 0.000000
490 12.080000 0.000000
491 12.080000 0.000000
492 21.200000 0.094340
493 0.640000 0.000000
494 2.320000 0.000000
495 2.320000 0.000000
496 2.320000 0.000000
497 2.320000 0.000000
498 2.320000 0.000000
499 2.320000 0.000000
500 2.320000 0.000000
501 2.320000 0.000000
502 2.320000 0.000000
503 2.320000 0.000000
504 2.320000 0.862069
505 2.320000 0.000000
506 2.320000 0.000000
507 2.320000 0.000000
508 2.320000 0.000000
509 2.320000 0.000000
510 2.320000 0.000000
511 2.320000 0.000000
512 2.320000 0.000000
513 2.320000 0.000000
514 2.320000 0.000000
515 2.320000 0.000000
516 2.320000 0.000000
517 2.320000 0.000000
518 2.320000 0.000000
519 2.320000 0.000000
520 2.320000 0.000000
521 2.320000 0.000000
522 2.320000 0.000000
523 2.320000 0.000000
524 2.320000 0.000000
525 2.320000 0.000000
526 2.320000 0.000000
527 2.320000 0.000000
528 2.320000 0.000000
529 2.320000 0.000000
530 2.320000 0.000000
531 2.320000 0.000000
532 2.320000 0.000000
533 2.320000 0.000000
534 2.320000 0.000000
535 2.320000 0.000000
536 2.320000 0.000000
537 2.320000 0.000000
538 2.100000 0.952381
539 2.320000 0.000000
540 2.320000 0.000000
541 2.320000 0.000000
542 2.320000 0.000000
543 2.320000 0.000000
544 2.320000 0.000000
545 2.320000 0.000000
546 2.320000 0.000000
547 2.320000 0.000000
548 2.320000 0.000000
549 2.320000 0.000000
550 2.320000 0.000000
551 2.320000 0.000000
552 2.320000 0.000000
553 2.320000 0.000000
554 2.320000 0.000000
555 2.320000 0.000000
556 2.320000 0.000000
557 2.320000 0.000000
558 2.320000 0.000000
559 2.320000 0.000000
560 2.320000 0.000000
561 2.320000 0.000000
562 2.320000 0.000000
563 2.320000 0.000000
564 2.320000 0.000000
565 2.320000 0.000000
566 2.320000 0.000000
567 2.320000 0.000000
568 2.320000 0.000000
569 2.320000 0.000000
570 2.320000 0.000000
571 2.320000 0.000000
572 2.320000 0.000000
573 2.320000 0.000000
574 2.320000 0.000000
575 2.320000 0.000000
576 2.320000 0.000000
577 2.320000 0.000000
578 2.320000 0.000000
579 2.320000 0.000000
580 2.320000 0.000000
581 2.320000 0.000000
582 2.320000 0.000000
583 2.320000 0.000000
584 2.320000 0.000000
585 2.320000 0.000000
586 2.320000 0.000000
587 2.320000 0.000000
588 2.320000 0.000000
589 2.320000 0.000000
590 2.320000 0.000000
591 2.320000 0.000000
592 2.320000 0.000000
593 2.320000 0.000000
594 2.320000 0.000000
595 2.320000 0.000000
596 2.320000 0.000000
597 2.320000 0.000000
598 2.320000 0.000000
599 2.320000 0.000000
600 2.320000 0.000000
601 2.320000 0.000000
602 2.320000 0.000000
603 2.320000 0.000000
604 2.320000 0.000000
605 2.320000 0.000000
606 2.320000 0.000000
607 2.320000 0.000000
608 2.320000 0.000000
609 2.320000 0.000000
610 2.320000 0.000000
611 2.320000 0.000000
612 2.320000 0.000000
613 2.320000 0.000000
614 2.320000 0.000000
615 2.320000 0.000000
616 2.320000 0.000000
617 2.320000 0.000000
618 2.320000 0.000000
619 2.320000 0.000000
620 2.320000 0.000000
621 2.320000 0.000000
622 2.320000 0.000000
623 2.320000 0.000000
624 2.320000 0.000000
625 2.320000 0.000000
626 2.320000 0.000000
627 2.320000 0.000000
628 2.320000 0.000000
629 2.320000 0.000000
630 2.320000 0.000000
631 2.320000 0.000000
632 2.320000 0.000000
633 2.320000 0.000000
634 2.320000 0.000000
635 2.320000 0.000000
636 2.320000 0.000000
637 2.320000 0.000000
638 2.320000 0.000000
639 2.320000 0.000000
640 2.320000 0.000000
641 2.320000 0.000000
642 2.320000 0.000000
643 2.320000 0.000000
644 2.320000 0.000000
645 2.320000 0.000000
646 2.320000 0.000000
647 2.320000 0.000000
648 2.320000 0.000000
649 2.320000 0.000000
650 2.320000 0.000000
651 2.320000 0.000000
652 2.320000 0.000000
653 2.320000 0.000000
654 2.320000 0.000000
655 2.320000 0.000000
656 2.320000 0.000000
657 2.320000 0.000000
658 2.320000 0.000000
659 2.320000 0.000000
660 2.320000 0.000000
661 2.320000 0.000000
662 2.320000 0.000000
663 2.320000 0.000000
664 2.320000 0.000000
665 2.320000 0.000000
666 2.320000 0.000000
667 2.320000 0.000000
668 2.320000 0.000000
669 2.320000 0.000000
670 2.320000 0.000000
671 2.320000 0.000000
672 2.320000 0.000000
673 2.320000 0.000000
674 2.320000 0.000000
675 2.320000 0.000000
676 2.320000 0.000000
677 2.320000 0.000000
678 2.320000 0.000000
679 2.320000 0.000000
680 2.320000 0.000000
681 2.320000 0.000000
682 2.320000 0.000000
683 2.320000 0.000000
684 2.320000 0.000000
685 2.320000 0.000000
686 2.320000 0.000000
687 2.320000 0.000000
688 2.320000 0.000000
689 2.320000 0.000000
690 2.320000 0.000000
691 2.320000 0.000000
692 2.320000 0.000000
693 2.320000 0.000000
694 2.320000 0.000000
695 2.320000 0.000000
696 2.320000 0.000000
697 2.320000 0.000000
698 2.320000 0.000000
699 2.320000 0.000000
700 2.320000 0.000000
701 2.320000 0.000000
702 2.320000 0.000000
703 2.320000 0.000000
704 2.320000 0.000000
705 2.320000 0.000000
706 2.320000 0.000000
707 2.320000 0.000000
708 2.320000 0.000000
709 2.320000 0.000000
710 2.320000 0.000000
711 2.320000 0.000000
712 2.320000 0.000000
713 2.320000 0.000000
714 2.320000 0.000000
715 2.320000 0.000000
716 2.320000 0.000000
717 2.320000 0.000000
718 2.320000 0.000000
719 2.320000 0.000000
720 2.320000 0.000000
721 2.320000 0.000000
722 2.320000 0.000000
723 2.320000 0.000000
724 2.320000 0.000000
725 2.320000 0.000000
726 2.320000 0.000000
727 2.320000 0.000000
728 2.320000 0.000000
729 2.320000 0.000000
730 2.320000 0.000000
731 2.320000 0.000000
732 2.320000 0.000000
733 2.320000 0.000000
734 2.320000 0.000000
735 2.320000 0.000000
736 2.320000 0.000000
737 2.320000 0.000000
738 2.320000 0.000000
739 2.320000 0.000000
740 2.320000 0.000000
741 2.320000 0.000000
742 2.320000 0.000000
743 2.320000 0.000000
744 2.320000 0.000000
745 2.320000 0.000000
746 2.320000 0.000000
747 2.320000 0.000000
748 2.320000 0.000000
749 2.320000 0.000000
750 2.320000 0.000000
751 2.320000 0.000000
752 2.320000 0.000000
753 2.320000 0.000000
754 2.320000 0.000000
755 2.320000 0.000000
756 2.320000 0.000000
757 2.320000 0.000000
758 2.320000 0.000000
759 2.320000 0.000000
760 2.320000 0.000000
761 2.320000 0.000000
762 2.320000 0.000000
763 2.320000 0.000000
764 2.320000 0.000000
765 2.320000 0.000000
766 2.320000 0.000000
767 2.320000 0.000000
768 2.320000 0.000000
769 2.320000 0.000000
770 2.320000 0.000000
771 2.320000 0.000000
772 2.320000 0.000000
773 2.320000 0.000000
774 2.320000 0.000000
775 2.320000 0.000000
776 2.320000 0.000000
777 2.320000 0.000000
778 2.320000 0.000000
779 2.320000 0.000000
780 2.320000 0.000000
781 2.320000 0.000000
782 2.320000 0.000000
783 2.320000 0.000000
784 2.320000 0.000000
785 2.320000 0.000000
786 2.320000 0.000000
787 2.320000 0.000000
788 2.320000 0.000000
789 2.320000 0.000000
790 2.320000 0.000000
791 2.320000 0.000000
792 2.320000 0.000000
793 2.320000 0.000000
794 2.320000 0.000000
795 2.320000 0.000000
796 2.320000 0.000000
797 2.320000 0.000000
798 2.320000 0.000000
799 2.320000 0.000000
800 2.320000 0.000000
801 2.320000 0.000000
802 2.320000 0.000000
803 2.320000 0.000000
804 2.320000 0.000000
805 2.320000 0.000000
806 2.320000 0.000000
807 2.320000 0.000000
808 2.320000 0.000000
809 2.320000 0.000000
810 2.320000 0.000000
811 2.320000 0.000000
812 2.320000 0.000000
813 2.320000 0.000000
814 2.320000 0.000000
815 2.320000 0.000000
816 2.320000 0.000000
817 2.320000 0.000000
818 2.320000 0.000000
819 2.320000 0.000000
820 2.320000 0.000000
821 2.320000 0.000000
822 2.320000 0.000000
823 2.320000 0.000000
824 2.320000 0.000000
825 2.320000 0.000000
826 2.320000 0.000000
827 2.320000 0.000000
828 2.320000 0.000000
829 2.320000 0.000000
830 2.320000 0.000000
831 2.320000 0.000000
832 2.320000 0.000000
833 2.320000 0.000000
834 2.320000 0.000000
835 2.320000 0.000000
836 2.320000 0.000000
837 2.320000 0.000000
838 2.320000 0.000000
839 2.320000 0.000000
840 2.320000 0.000000
841 2.320000 0.000000
842 2.320000 0.000000
843 2.320000 0.000000
844 2.320000 0.000000
845 2.320000 0.862069
846 2.320000 0.000000
847 2.320000 0.000000
848 2.320000 0.000000
849 2.320000 0.000000
850 2.320000 0.000000
851 2.320000 0.000000
852 2.320000 0.000000
853 2.320000 0.000000
854 2.320000 0.000000
855 2.320000 0.000000
856 2.320000 0.000000
857 2.320000 0.000000
858 2.320000 0.000000
859 2.320000 0.000000
860 2.320000 0.000000
861 2.320000 0.000000
862 2.320000 0.000000
863 2.320000 0.000000
864 2.320000 0.000000
865 2.320000 0.000000
866 2.320000 0.000000
867 2.320000 0.000000
868 2.320000 0.000000
869 2.320000 0.000000
870 2.320000 0.000000
871 2.320000 0.000000
872 2.320000 0.000000
873 2.320000 0.000000
874 2.320000 0.000000
875 2.320000 0.000000
876 2.320000 0.000000
877 2.320000 0.000000
878 2.320000 0.000000
879 2.320000 0.000000
880 2.320000 0.000000
881 2.320000 0.000000
882 2.320000 0.000000
883 2.320000 0.000000
884 2.320000 0.000000
885 2.320000 0.000000
886 2.320000 0.000000
887 2.320000 0.000000
888 2.320000 0.000000
889 2.320000 0.000000
890 2.320000 0.000000
891 2.320000 0.000000
892 2.320000 0.000000
893 2.320000 0.000000
894 2.320000 0.000000
895 2.320000 0.000000
896 2.320000 0.000000
897 2.320000 0.000000
898 2.320000 0.000000
899 2.320000 0.000000
900 2.320000 0.000000
901 2.320000 0.000000
902 2.320000 0.000000
903 2.320000 0.000000
904 2.320000 0.000000
905 2.320000 0.000000
906 2.320000 0.000000
907 2.320000 0.000000
908 2.320000 0.000000
909 2.320000 0.000000
910 2.320000 0.000000
911 2.320000 0.000000
912 2.320000 0.000000
913 2.320000 0.000000
914 2.320000 0.000000
915 2.320000 0.000000
916 2.320000 0.000000
917 2.320000 0.000000
918 2.320000 0.000000
919 2.320000 0.000000
920 2.320000 0.000000
921 2.320000 0.000000
922 2.320000 0.000000
923 2.320000 0.000000
924 2.320000 0.000000
925 2.320000 0.000000
926 2.320000 0.000000
927 2.320000 0.000000
928 2.320000 0.000000
929 2.320000 0.000000
930 2.320000 0.000000
931 2.320000 0.000000
932 2.320000 0.000000
933 2.320000 0.000000
934 2.320000 0.000000
935 2.320000 0.000000
936 2.320000 0.000000
937 2.320000 0.000000
938 2.320000 0.000000
939 2.320000 0.000000
940 2.320000 0.000000
941 2.320000 0.000000
942 2.320000 0.000000
943 2.320000 0.000000
944 2.320000 0.000000
945 2.320000 0.000000
946 2.320000 0.000000
947 2.320000 0.000000
948 2.320000 0.000000
949 2.320000 0.000000
950 2.320000 0.000000
951 2.320000 0.000000
952 2.320000 0.000000
953 2.320000 0.000000
954 2.320000 0.000000
955 2.320000 0.000000
956 2.320000 0.000000
957 2.320000 0.862069
958 2.320000 0.000000
959 2.320000 0.000000
960 2.320000 0.000000
961 2.320000 0.000000
962 2.320000 0.000000
963 2.320000 0.000000
964 2.320000 0.000000
965 2.320000 0.000000
966 2.320000 0.000000
967 2.320000 0.000000
968 2.320000 0.000000
969 2.320000 0.000000
970 2.320000 0.000000
971 2.320000 0.000000
972 2.320000 0.000000
973 2.320000 0.000000
974 2.320000 0.000000
975 2.320000 0.000000
976 2.320000 0.000000
977 2.320000 0.000000
978 2.320000 0.000000
979 2.320000 0.000000
980 2.320000 0.000000
981 2.320000 0.000000
982 2.320000 0.000000
983 2.320000 0.000000
984 2.320000 0.000000
985 2.320000 0.000000
986 2.320000 0.000000
987 2.320000 0.000000
988 2.320000 0.000000
989 2.320000 0.000000
990 2.320000 0.000000
991 2.320000 0.000000
992 2.320000 0.000000
993 2.320000 0.000000
994 2.320000 0.000000
995 2.320000 0.000000
996 2.320000 0.000000
997 2.320000 0.000000
998 2.320000 0.000000
999 2.320000 0.000000
1000 2.320000 0.000000
1001 2.320000 0.000000
1002 1.520000 1.315789
1003 2.320000 0.000000
1004 2.320000 0.862069
1005 2.320000 0.000000
1006 2.320000 0.000000
1007 2.320000 0.000000
1008 2.320000 0.000000
1009 2.320000 0.000000
1010 2.320000 0.000000
1011 2.320000 0.000000
1012 2.320000 0.000000
1013 2.320000 0.000000
1014 2.320000 0.000000
1015 2.320000 0.000000
1016 2.320000 0.000000
1017 2.320000 0.000000
1018 2.320000 0.000000
1019 2.320000 0.000000
1020 2.320000 0.000000
1021 2.320000 0.000000
1022 2.320000 0.000000
1023 2.320000 0.000000
1024 2.320000 0.000000
1025 2.320000 0.000000
1026 2.320000 0.000000
1027 2.320000 0.000000
1028 2.320000 0.000000
1029 2.320000 0.000000
1030 2.320000 0.000000
1031 2.320000 0.000000
1032 2.320000 0.000000
1033 2.320000 0.000000
1034 2.320000 0.000000
1035 2.320000 0.000000
1036 2.320000 0.000000
1037 2.320000 0.000000
1038 2.320000 0.000000
1039 2.320000 0.000000
1040 2.320000 0.000000
1041 2.320000 0.000000
1042 2.320000 0.000000
1043 2.320000 0.000000
1044 2.320000 0.000000
1045 2.320000 0.000000
1046 2.320000 0.000000
1047 2.320000 0.000000
1048 2.320000 0.000000
1049 2.320000 0.000000
1050 2.320000 0.000000
1051 2.320000 0.000000
1052 2.320000 0.000000
1053 2.320000 0.000000
1054 2.320000 0.000000
1055 2.320000 0.000000
1056 2.320000 0.000000
1057 2.320000 0.000000
1058 2.320000 0.000000
1059 2.320000 0.000000
1060 2.320000 0.000000
1061 2.320000 0.000000
1062 2.320000 0.000000
1063 2.320000 0.000000
1064 2.320000 0.000000
1065 2.320000 0.000000
1066 2.320000 0.000000
1067 2.320000 0.000000
1068 2.320000 0.000000
1069 2.320000 0.000000
1070 2.320000 0.000000
1071 2.320000 0.000000
1072 2.320000 0.000000
1073 2.320000 0.000000
1074 2.320000 0.000000
1075 2.320000 0.000000
1076 2.320000 0.000000
1077 2.320000 0.000000
1078 2.320000 0.000000
1079 2.320000 0.000000
1080 2.320000 0.000000
1081 2.320000 0.000000
1082 2.320000 0.000000
1083 2.320000 0.000000
1084 2.320000 0.000000
1085 2.320000 0.000000
1086 2.320000 0.000000
1087 2.320000 0.000000
1088 2.320000 0.000000
1089 2.320000 0.000000
1090 2.320000 0.000000
1091 2.320000 0.000000
1092 2.320000 0.000000
1093 2.320000 0.000000
1094 2.320000 0.862069
1095 2.320000 0.000000
1096 2.320000 0.000000
1097 2.320000 0.000000
1098 2.320000 0.000000
1099 2.320000 0.000000
1100 2.320000 0.000000
1101 2.320000 0.000000
1102 2.320000 0.000000
1103 2.320000 0.000000
1104 2.320000 0.000000
1105 2.320000 0.000000
1106 2.320000 0.000000
1107 2.320000 0.000000
1108 2.320000 0.000000
1109 2.320000 0.000000
1110 2.320000 0.000000
1111 2.320000 0.000000
1112 2.320000 0.000000
1113 2.320000 0.000000
1114 2.320000 0.000000
1115 2.320000 0.000000
1116 2.320000 0.000000
1117 2.320000 0.000000
1118 2.320000 0.000000
1119 2.320000 0.862069
1120 2.320000 0.000000
1121 2.320000 0.000000
1122 2.320000 0.000000
1123 2.320000 0.000000
1124 2.320000 0.000000
1125 2.320000 0.000000
1126 2.320000 0.000000
1127 2.320000 0.000000
1128 2.320000 0.000000
1129 2.320000 0.000000
1130 2.320000 0.000000
1131 2.320000 0.000000
1132 2.320000 0.000000
1133 2.320000 0.000000
1134 2.320000 0.000000
1135 2.320000 0.000000
1136 2.320000 0.000000
1137 2.320000 0.000000
1138 2.320000 0.000000
1139 2.320000 0.000000
1140 2.320000 0.000000
1141 2.320000 0.000000
1142 2.320000 0.000000
1143 2.320000 0.000000
1144 2.320000 0.000000
1145 2.320000 0.862069
1146 2.320000 0.000000
1147 2.320000 0.000000
1148 2.320000 0.000000
1149 2.320000 0.000000
1150 2.320000 0.000000
1151 2.320000 0.000000
1152 2.320000 0.000000
1153 2.320000 0.000000
1154 2.320000 0.000000
1155 2.320000 0.000000
1156 2.320000 0.000000
1157 2.320000 0.000000
1158 2.320000 0.000000
1159 2.320000 0.000000
1160 2.320000 0.000000
1161 2.320000 0.000000
1162 2.320000 0.000000
1163 2.320000 0.000000
1164 2.320000 0.000000
1165 2.320000 0.000000
1166 2.320000 0.000000
1167 2.320000 0.000000
1168 2.320000 0.000000
1169 2.320000 0.000000
1170 2.320000 0.000000
1171 2.320000 0.000000
1172 2.320000 0.000000
1173 2.320000 0.000000
1174 2.320000 0.000000
1175 2.320000 0.000000
1176 2.320000 0.000000
1177 2.320000 0.000000
1178 2.320000 0.000000
1179 2.320000 0.000000
1180 2.320000 0.000000
1181 2.320000 0.000000
1182 2.320000 0.000000
1183 2.320000 0.000000
1184 2.320000 0.000000
1185 2.320000 0.000000
1186 2.320000 0.000000
1187 2.320000 0.000000
1188 2.320000 0.000000
1189 2.320000 0.000000
1190 2.320000 0.000000
1191 2.320000 0.000000
1192 2.320000 0.000000
1193 2.320000 0.000000
1194 2.320000 0.000000
1195 2.320000 0.000000
1196 2.320000 0.000000
1197 2.320000 0.000000
1198 2.320000 0.000000
1199 2.320000 0.000000
1200 2.320000 0.000000
1201 2.320000 0.000000
1202 2.320000 0.000000
1203 2.320000 0.000000
1204 2.320000 0.000000
1205 2.320000 0.000000
1206 2.320000 0.000000
1207 2.320000 0.000000
1208 2.320000 0.000000
1209 2.320000 0.000000
1210 2.320000 0.000000
1211 2.320000 0.000000
1212 2.320000 0.000000
1213 2.320000 0.000000
1214 2.320000 0.000000
1215 2.320000 0.000000
1216 2.320000 0.000000
1217 2.320000 0.000000
1218 2.320000 0.000000
1219 2.320000 0.000000
1220 2.320000 0.000000
1221 2.320000 0.000000
1222 2.320000 0.000000
1223 2.320000 0.000000
1224 2.320000 0.000000
1225 2.320000 0.000000
1226 2.320000 0.000000
1227 2.320000 0.000000
1228 2.320000 0.000000
1229 2.320000 0.000000
1230 2.320000 0.000000
1231 2.320000 0.000000
1232 2.320000 0.000000
1233 2.320000 0.000000
1234 2.320000 0.000000
1235 2.320000 0.000000
1236 2.320000 0.000000
1237 2.320000 0.000000
1238 2.320000 0.000000
1239 2.320000 0.000000
1240 2.320000 0.000000
1241 2.320000 0.000000
1242 2.320000 0.000000
1243 2.320000 0.000000
1244 2.320000 0.000000
1245 2.320000 0.000000
1246 2.320000 0.000000
1247 2.320000 0.000000
1248 2.320000 0.000000
1249 2.320000 0.000000
1250 2.320000 0.000000
1251 2.320000 0.000000
1252 2.320000 0.000000
1253 2.320000 0.000000
1254 2.320000 0.000000
1255 2.320000 0.000000
1256 2.320000 0.000000
1257 2.320000 0.000000
1258 2.320000 0.000000
1259 2.320000 0.000000
1260 2.320000 0.000000
1261 2.320000 0.000000
1262 2.320000 0.000000
1263 2.320000 0.000000
1264 2.320000 0.000000
1265 2.320000 0.000000
1266 2.320000 0.000000
1267 2.320000 0.000000
1268 2.320000 0.000000
1269 2.320000 0.000000
1270 2.320000 0.000000
1271 2.320000 0.000000
1272 2.320000 0.000000
1273 2.320000 0.000000
1274 2.320000 0.000000
1275 2.320000 0.000000
1276 2.320000 0.000000
1277 2.320000 0.862069
1278 2.320000 0.000000
1279 2.320000 0.000000
1280 2.320000 0.000000
1281 2.320000 0.000000
1282 2.320000 0.000000
1283 2.320000 0.000000
1284 2.320000 0.000000
1285 2.320000 0.000000
1286 2.320000 0.000000
1287 2.320000 0.000000
1288 2.320000 0.000000
1289 2.320000 0.000000
1290 2.320000 0.000000
1291 2.320000 0.000000
1292 2.320000 0.000000
1293 2.320000 0.000000
1294 2.320000 0.000000
1295 2.320000 0.000000
1296 2.320000 0.000000
1297 2.320000 0.000000
1298 2.320000 0.000000
1299 2.320000 0.000000
1300 2.320000 0.000000
1301 2.320000 0.000000
1302 2.320000 0.000000
1303 2.320000 0.000000
1304 2.320000 0.000000
1305 2.320000 0.000000
1306 2.320000 0.000000
1307 2.320000 0.000000
1308 2.320000 0.000000
1309 2.320000 0.000000
1310 2.320000 0.000000
1311 2.320000 0.000000
1312 2.320000 0.000000
1313 2.320000 0.000000
1314 2.320000 0.000000
1315 2.320000 0.000000
1316 2.320000 0.000000
1317 2.320000 0.000000
1318 2.320000 0.000000
1319 2.320000 0.000000
1320 2.320000 0.000000
1321 2.320000 0.000000
1322 2.320000 0.000000
1323 2.320000 0.000000
1324 2.320000 0.000000
1325 2.320000 0.000000
1326 2.320000 0.000000
1327 2.320000 0.000000
1328 2.320000 0.000000
1329 2.320000 0.000000
1330 2.320000 0.000000
1331 2.320000 0.000000
1332 2.320000 0.000000
1333 2.320000 0.000000
1334 2.320000 0.000000
1335 2.320000 0.000000
1336 2.320000 0.000000
1337 2.320000 0.000000
1338 2.320000 0.000000
1339 2.320000 0.000000
1340 2.320000 0.000000
1341 2.320000 0.000000
1342 2.320000 0.000000
1343 2.320000 0.000000
1344 2.320000 0.000000
1345 2.320000 0.000000
1346 2.320000 0.000000
1347 2.320000 0.000000
1348 2.320000 0.000000
1349 2.320000 0.000000
1350 2.320000 0.000000
1351 2.320000 0.000000
1352 2.320000 0.000000
1353 2.320000 0.000000
1354 2.320000 0.000000
1355 2.320000 0.000000
1356 2.320000 0.000000
1357 2.320000 0.000000
1358 2.320000 0.000000
1359 2.320000 0.000000
1360 2.320000 0.000000
1361 2.320000 0.000000
1362 2.320000 0.000000
1363 2.320000 0.000000
1364 2.320000 0.000000
1365 2.320000 0.000000
1366 2.320000 0.000000
1367 2.320000 0.000000
1368 2.320000 0.000000
1369 2.320000 0.000000
1370 2.320000 0.000000
1371 2.320000 0.000000
1372 2.320000 0.000000
1373 2.320000 0.000000
1374 2.320000 0.000000
1375 2.320000 0.000000
1376 2.320000 0.000000
1377 2.320000 0.000000
1378 2.320000 0.000000
1379 2.320000 0.000000
1380 2.320000 0.000000
1381 2.320000 0.000000
1382 2.320000 0.000000
1383 2.320000 0.000000
1384 2.320000 0.000000
1385 2.320000 0.000000
1386 2.320000 0.000000
1387 2.320000 0.000000
1388 2.320000 0.000000
1389 2.320000 0.000000
1390 2.320000 0.000000
1391 2.320000 0.000000
1392 2.320000 0.000000
1393 2.320000 0.000000
1394 2.320000 0.000000
1395 2.320000 0.000000
1396 2.320000 0.000000
1397 2.320000 0.000000
1398 2.320000 0.000000
1399 2.320000 0.000000
1400 2.320000 0.000000
1401 2.320000 0.000000
1402 2.320000 0.000000
1403 2.320000 0.000000
1404 2.320000 0.000000
1405 2.320000 0.000000
1406 2.320000 0.000000
1407 2.320000 0.000000
1408 2.320000 0.000000
1409 2.320000 0.000000
1410 2.320000 0.000000
1411 2.320000 0.000000
1412 2.320000 0.000000
1413 2.320000 0.000000
1414 2.320000 0.000000
1415 2.320000 0.000000
1416 2.320000 0.000000
1417 2.320000 0.000000
1418 2.320000 0.000000
1419 2.320000 0.000000
1420 2.320000 0.000000
1421 2.320000 0.000000
1422 2.320000 0.000000
1423 2.320000 0.000000
1424 2.320000 0.000000
1425 2.320000 0.000000
1426 2.320000 0.000000
1427 2.320000 0.000000
1428 2.320000 0.000000
1429 2.320000 0.000000
1430 2.320000 0.000000
1431 2.320000 0.000000
1432 2.320000 0.000000
1433 2.320000 0.000000
1434 2.320000 0.000000
1435 2.320000 0.000000
1436 2.320000 0.000000
1437 2.320000 0.000000
1438 2.320000 0.000000
1439 2.320000 0.000000
1440 2.320000 0.000000
1441 2.320000 0.000000
1442 2.320000 0.000000
1443 2.320000 0.000000
1444 2.320000 0.000000
1445 2.320000 0.000000
1446 2.320000 0.000000
1447 2.320000 0.000000
1448 2.320000 0.000000
1449 2.320000 0.000000
1450 2.320000 0.000000
1451 2.320000 0.000000
1452 2.320000 0.000000
1453 2.320000 0.862069
1454 2.320000 0.000000
1455 2.320000 0.000000
1456 2.320000 0.000000
1457 2.320000 0.000000
1458 2.320000 0.000000
1459 2.320000 0.000000
1460 2.320000 0.000000
1461 2.320000 0.000000
1462 2.320000 0.000000
1463 2.320000 0.000000
1464 2.320000 0.000000
1465 2.320000 0.000000
1466 2.320000 0.000000
1467 2.320000 0.000000
1468 2.320000 0.000000
1469 2.320000 0.000000
1470 2.320000 0.000000
1471 2.320000 0.000000
1472 2.320000 0.000000
1473 2.320000 0.000000
1474 2.320000 0.000000
1475 2.320000 0.000000
1476 2.320000 0.000000
1477 2.320000 0.000000
1478 2.320000 0.000000
1479 2.320000 0.000000
1480 2.320000 0.000000
1481 2.320000 0.000000
1482 2.320000 0.000000
1483 2.320000 0.000000
1484 2.320000 0.000000
1485 2.320000 0.000000
1486 2.320000 0.000000
1487 2.320000 0.000000
1488 2.320000 0.000000
1489 2.320000 0.000000
1490 2.320000 0.000000
1491 2.320000 0.000000
1492 2.320000 0.000000
1493 2.320000 0.000000
1494 2.320000 0.000000
1495 2.320000 0.000000
1496 2.320000 0.000000
1497 2.320000 0.000000
1498 2.320000 0.000000
1499 2.320000 0.000000
1500 2.320000 0.000000
1501 2.320000 0.000000
1502 2.320000 0.000000
1503 2.320000 0.000000
1504 2.320000 0.000000
1505 2.320000 0.000000
1506 2.320000 0.000000
1507 2.320000 0.000000
1508 2.320000 0.000000
1509 2.320000 0.000000
1510 2.320000 0.000000
1511 2.320000 0.000000
1512 2.320000 0.000000
1513 2.320000 0.000000
1514 2.320000 0.000000
1515 2.320000 0.000000
1516 2.320000 0.000000
1517 2.320000 0.000000
1518 2.320000 0.000000
1519 2.320000 0.000000
1520 2.420000 0.826446
1521 2.300000 0.000000
1522 2.300000 0.000000
1523 2.300000 0.000000
1524 2.300000 0.000000
1525 2.300000 0.000000
1526 2.300000 0.000000
1527 2.300000 0.000000
1528 2.320000 0.000000
1529 2.320000 0.000000
1530 2.320000 0.000000
1531 2.320000 0.000000
1532 2.320000 0.000000
1533 2.320000 0.000000
1534 2.320000 0.000000
1535 2.320000 0.000000
1536 2.320000 0.862069
1537 2.320000 0.000000
1538 2.320000 0.000000
1539 2.320000 0.000000
1540 2.320000 0.000000
1541 2.320000 0.000000
1542 2.320000 0.000000
1543 2.320000 0.000000
1544 2.320000 0.000000
1545 2.320000 0.000000
1546 2.320000 0.000000
1547 2.320000 0.000000
1548 2.320000 0.000000
1549 2.320000 0.000000
1550 2.320000 0.000000
1551 2.320000 0.000000
1552 2.320000 0.000000
1553 2.320000 0.000000
1554 2.320000 0.000000
1555 2.320000 0.000000
1556 2.320000 0.000000
1557 2.320000 0.000000
1558 2.320000 0.000000
1559 2.320000 0.000000
1560 2.320000 0.000000
1561 2.320000 0.000000
1562 2.320000 0.000000
1563 2.320000 0.000000
1564 2.320000 0.000000
1565 2.320000 0.000000
1566 2.320000 0.000000
1567 2.320000 0.000000
1568 2.320000 0.000000
1569 2.320000 0.000000
1570 2.320000 0.000000
1571 2.320000 0.000000
1572 2.320000 0.000000
1573 2.320000 0.000000
1574 2.320000 0.000000
1575 2.320000 0.000000
1576 2.320000 0.000000
1577 2.320000 0.000000
1578 2.320000 0.000000
1579 2.320000 0.000000
1580 2.320000 0.000000
1581 2.320000 0.000000
1582 2.320000 0.000000
1583 2.320000 0.000000
1584 2.320000 0.000000
1585 2.320000 0.000000
1586 2.320000 0.000000
1587 2.320000 0.000000
1588 2.320000 0.000000
1589 2.320000 0.000000
1590 2.320000 0.000000
1591 2.320000 0.000000
1592 2.320000 0.000000
1593 2.320000 0.000000
1594 2.320000 0.000000
1595 2.320000 0.000000
1596 2.320000 0.000000
1597 2.320000 0.000000
1598 2.320000 0.000000
1599 2.320000 0.000000
1600 2.320000 0.000000
1601 2.320000 0.000000
1602 2.320000 0.000000
1603 2.320000 0.000000
1604 2.320000 0.000000
1605 2.320000 0.862069
1606 2.320000 0.000000
1607 2.320000 0.000000
1608 2.320000 0.000000
1609 2.320000 0.000000
1610 2.320000 0.000000
1611 2.320000 0.000000
1612 2.320000 0.000000
1613 2.320000 0.000000
1614 2.320000 0.000000
1615 2.320000 0.000000
1616 2.320000 0.000000
1617 2.320000 0.000000
1618 2.320000 0.000000
1619 2.320000 0.000000
1620 2.320000 0.000000
1621 2.320000 0.000000
1622 2.320000 0.000000
1623 2.320000 0.000000
1624 2.320000 0.000000
1625 2.320000 0.000000
1626 2.320000 0.000000
1627 2.320000 0.000000
1628 2.320000 0.000000
1629 2.320000 0.000000
1630 2.320000 0.000000
1631 2.320000 0.000000
1632 2.320000 0.000000
1633 2.320000 0.000000
1634 2.320000 0.000000
1635 2.320000 0.000000
1636 2.320000 0.000000
1637 2.320000 0.000000
1638 2.320000 0.000000
1639 2.320000 0.000000
1640 2.320000 0.000000
1641 2.320000 0.000000
1642 2.320000 0.000000
1643 2.320000 0.000000
1644 2.320000 0.000000
1645 2.320000 0.000000
1646 2.320000 0.000000
1647 2.320000 0.000000
1648 2.320000 0.000000
1649 2.320000 0.000000
1650 2.320000 0.000000
1651 2.320000 0.000000
1652 2.320000 0.000000
1653 2.320000 0.000000
1654 2.320000 0.000000
1655 2.320000 0.000000
1656 2.320000 0.000000
1657 2.320000 0.000000
1658 2.320000 0.000000
1659 2.320000 0.000000
1660 2.320000 0.000000
1661 2.320000 0.000000
1662 2.320000 0.000000
1663 2.320000 0.000000
1664 2.320000 0.000000
1665 2.320000 0.000000
1666 2.320000 0.000000
1667 2.320000 0.000000
1668 2.320000 0.000000
1669 2.320000 0.000000
1670 2.320000 0.000000
1671 2.320000 0.000000
1672 2.320000 0.000000
1673 2.320000 0.000000
1674 2.320000 0.000000
1675 2.320000 0.000000
1676 2.320000 0.000000
1677 2.320000 0.000000
1678 2.320000 0.000000
1679 2.320000 0.000000
1680 2.320000 0.000000
1681 2.320000 0.000000
1682 2.320000 0.000000
1683 2.320000 0.000000
1684 2.320000 0.000000
1685 2.320000 0.000000
1686 2.320000 0.000000
1687 2.320000 0.000000
1688 2.320000 0.000000
1689 2.320000 0.000000
1690 2.320000 0.000000
1691 2.320000 0.000000
1692 2.320000 0.000000
1693 2.320000 0.000000
1694 2.320000 0.000000
1695 2.320000 0.000000
1696 2.320000 0.000000
1697 2.320000 0.000000
1698 2.320000 0.000000
1699 2.320000 0.000000
1700 2.320000 0.000000
1701 2.320000 0.000000
1702 2.320000 0.000000
1703 2.320000 0.000000
1704 2.320000 0.000000
1705 2.320000 0.000000
1706 2.320000 0.000000
1707 2.320000 0.000000
1708 2.320000 0.000000
1709 2.320000 0.000000
1710 2.320000 0.000000
1711 2.320000 0.000000
1712 2.320000 0.000000
1713 2.320000 0.000000
1714 2.320000 0.000000
1715 2.320000 0.000000
1716 2.320000 0.000000
1717 2.320000 0.000000
1718 2.320000 0.000000
1719 2.320000 0.000000
1720 2.320000 0.000000
1721 2.320000 0.000000
1722 2.320000 0.000000
1723 2.320000 0.000000
1724 2.320000 0.000000
1725 2.320000 0.000000
1726 2.320000 0.000000
1727 2.320000 0.000000
1728 2.320000 0.000000
1729 2.320000 0.000000
1730 2.320000 0.000000
1731 2.320000 0.000000
1732 2.320000 0.000000
1733 2.320000 0.000000
1734 2.320000 0.000000
1735 2.320000 0.000000
1736 2.320000 0.000000
1737 2.320000 0.000000
1738 2.320000 0.000000
1739 2.320000 0.000000
1740 2.320000 0.000000
1741 2.320000 0.000000
1742 2.320000 0.000000
1743 2.320000 0.000000
1744 2.320000 0.000000
1745 2.320000 0.000000
1746 2.320000 0.000000
1747 2.320000 0.000000
1748 2.320000 0.000000
1749 2.320000 0.000000
1750 2.320000 0.000000
1751 2.320000 0.000000
1752 2.320000 0.000000
1753 2.320000 0.000000
1754 2.320000 0.000000
1755 2.320000 0.000000
1756 2.320000 0.000000
1757 2.320000 0.000000
1758 2.320000 0.000000
1759 2.320000 0.000000
1760 2.320000 0.000000
1761 2.320000 0.000000
1762 2.320000 0.000000
1763 2.320000 0.000000
1764 2.320000 0.000000
1765 2.320000 0.000000
1766 2.320000 0.000000
1767 2.320000 0.000000
1768 2.320000 0.000000
1769 2.320000 0.000000
1770 2.320000 0.000000
1771 2.320000 0.000000
1772 2.320000 0.000000
1773 2.320000 0.000000
1774 2.320000 0.000000
1775 2.320000 0.000000
1776 2.320000 0.000000
1777 2.320000 0.000000
1778 2.320000 0.000000
1779 2.320000 0.000000
1780 2.320000 0.000000
1781 2.320000 0.000000
1782 2.320000 0.000000
1783 2.320000 0.000000
1784 2.320000 0.000000
1785 2.320000 0.000000
1786 2.320000 0.000000
1787 2.320000 0.000000
1788 2.320000 0.000000
1789 2.320000 0.000000
1790 2.320000 0.000000
1791 2.320000 0.000000
1792 2.320000 0.000000
1793 2.320000 0.000000
1794 2.320000 0.000000
1795 2.320000 0.000000
1796 2.320000 0.000000
1797 2.320000 0.000000
1798 2.320000 0.000000
1799 2.320000 0.000000
1800 2.320000 0.000000
1801 2.320000 0.000000
1802 2.320000 0.000000
1803 2.320000 0.000000
1804 2.320000 0.000000
1805 2.320000 0.000000
1806 2.320000 0.000000
1807 2.320000 0.000000
1808 2.320000 0.000000
1809 2.320000 0.000000
1810 2.320000 0.000000
1811 2.320000 0.000000
1812 2.320000 0.000000
1813 2.320000 0.000000
1814 2.320000 0.000000
1815 2.320000 0.000000
1816 2.320000 0.000000
1817 2.320000 0.000000
1818 2.320000 0.000000
1819 2.320000 0.000000
1820 2.320000 0.000000
1821 2.320000 0.000000
1822 2.320000 0.000000
1823 2.320000 0.000000
1824 2.320000 0.000000
1825 2.320000 0.000000
1826 2.320000 0.000000
1827 2.320000 0.000000
1828 2.320000 0.000000
1829 2.320000 0.000000
1830 2.320000 0.000000
1831 2.320000 0.000000
1832 2.320000 0.000000
1833 2.320000 0.000000
1834 2.320000 0.000000
1835 2.320000 0.000000
1836 2.320000 0.000000
1837 2.320000 0.000000
1838 2.320000 0.000000
1839 2.320000 0.000000
1840 2.320000 0.000000
1841 2.320000 0.000000
1842 2.320000 0.000000
1843 2.320000 0.000000
1844 2.320000 0.000000
1845 2.320000 0.000000
1846 2.320000 0.000000
1847 2.320000 0.000000
1848 2.320000 0.000000
1849 2.320000 0.000000
1850 2.320000 0.000000
1851 2.320000 0.000000
1852 2.320000 0.000000
1853 2.320000 0.000000
1854 2.320000 0.000000
1855 2.320000 0.000000
1856 2.320000 0.000000
1857 2.320000 0.000000
1858 2.320000 0.000000
1859 2.320000 0.000000
1860 2.320000 0.000000
1861 2.320000 0.000000
1862 2.320000 0.000000
1863 2.320000 0.000000
1864 2.320000 0.000000
1865 2.320000 0.000000
1866 2.320000 0.000000
1867 2.320000 0.000000
1868 2.320000 0.000000
1869 2.320000 0.000000
1870 2.320000 0.000000
1871 2.320000 0.000000
1872 2.320000 0.000000
1873 2.320000 0.000000
1874 2.320000 0.000000
1875 2.320000 0.000000
1876 2.320000 0.000000
1877 2.320000 0.000000
1878 2.320000 0.000000
1879 2.320000 0.000000
1880 2.320000 0.000000
1881 2.320000 0.000000
1882 2.320000 0.000000
1883 2.320000 0.000000
1884 2.320000 0.000000
1885 2.320000 0.000000
1886 2.320000 0.000000
1887 2.320000 0.000000
1888 2.320000 0.000000
1889 2.320000 0.000000
1890 2.320000 0.000000
1891 2.320000 0.000000
1892 2.320000 0.000000
1893 2.320000 0.000000
1894 2.320000 0.000000
1895 2.320000 0.000000
1896 2.320000 0.000000
1897 2.320000 0.000000
1898 2.320000 0.000000
1899 2.320000 0.000000
1900 2.320000 0.000000
1901 2.320000 0.000000
1902 2.320000 0.000000
1903 2.320000 0.000000
1904 2.320000 0.000000
1905 2.320000 0.000000
1906 2.320000 0.000000
1907 2.320000 0.000000
1908 2.320000 0.000000
1909 2.320000 0.000000
1910 2.320000 0.000000
1911 2.320000 0.000000
1912 2.320000 0.000000
1913 2.320000 0.000000
1914 2.320000 0.000000
1915 2.320000 0.000000
1916 2.320000 0.000000
1917 2.320000 0.000000
1918 2.320000 0.000000
1919 2.320000 0.000000
1920 2.320000 0.000000
1921 2.320000 0.000000
1922 2.320000 0.000000
1923 2.320000 0.000000
1924 2.320000 0.000000
1925 2.320000 0.000000
1926 2.320000 0.000000
1927 2.320000 0.000000
1928 2.320000 0.000000
1929 2.320000 0.000000
1930 2.320000 0.000000
1931 2.320000 0.000000
1932 2.320000 0.000000
1933 2.320000 0.000000
1934 2.320000 0.000000
1935 2.320000 0.000000
1936 2.320000 0.000000
1937 2.320000 0.000000
1938 2.320000 0.000000
1939 2.320000 0.000000
1940 2.320000 0.000000
1941 2.320000 0.000000
1942 2.320000 0.000000
1943 2.320000 0.000000
1944 2.320000 0.000000
1945 2.320000 0.000000
1946 2.320000 0.000000
1947 2.320000 0.000000
1948 2.320000 0.000000
1949 2.320000 0.000000
1950 2.320000 0.000000
1951 2.320000 0.000000
1952 2.320000 0.000000
1953 2.320000 0.000000
1954 2.320000 0.000000
1955 2.320000 0.000000
1956 2.320000 0.000000
1957 2.320000 0.000000
1958 2.320000 0.000000
1959 2.320000 0.000000
1960 2.320000 0.000000
1961 2.320000 0.000000
1962 2.320000 0.000000
1963 2.320000 0.000000
1964 2.320000 0.000000
1965 2.320000 0.000000
1966 2.320000 0.000000
1967 2.320000 0.000000
1968 2.320000 0.000000
1969 2.320000 0.000000
1970 2.320000 0.000000
1971 2.320000 0.000000
1972 2.320000 0.000000
1973 2.320000 0.862069
1974 2.320000 0.000000
1975 2.320000 0.000000
1976 2.320000 0.000000
1977 2.320000 0.000000
1978 2.320000 0.000000
1979 2.320000 0.000000
1980 2.320000 0.000000
1981 2.320000 0.000000
1982 2.320000 0.000000
1983 2.320000 0.000000
1984 2.320000 0.000000
1985 2.320000 0.000000
1986 2.320000 0.000000
1987 2.320000 0.000000
1988 2.320000 0.000000
1989 2.320000 0.000000
1990 2.320000 0.000000
1991 2.320000 0.000000
1992 2.320000 0.000000
1993 2.320000 0.000000
1994 2.320000 0.000000
1995 2.320000 0.000000
1996 2.320000 0.000000
1997 2.320000 0.000000
1998 2.320000 0.000000
1999 2.320000 0.000000
2000 2.320000 0.000000
2001 2.320000 0.000000
2002 2.320000 0.000000
2003 2.320000 0.000000
2004 2.320000 0.000000
2005 2.320000 0.000000
2006 2.320000 0.000000
2007 2.320000 0.000000
2008 2.320000 0.000000
2009 2.320000 0.000000
2010 2.320000 0.000000
2011 2.320000 0.000000
2012 2.320000 0.000000
2013 2.320000 0.000000
2014 2.320000 0.000000
2015 2.320000 0.000000
2016 2.320000 0.000000
2017 2.320000 0.000000
2018 2.320000 0.000000
2019 2.320000 0.000000
2020 2.320000 0.000000
2021 2.320000 0.000000
2022 2.320000 0.000000
2023 2.320000 0.000000
2024 2.320000 0.000000
2025 2.320000 0.000000
2026 2.320000 0.000000
2027 2.320000 0.000000
2028 2.320000 0.000000
2029 2.320000 0.000000
2030 2.320000 0.000000
2031 2.320000 0.000000
2032 2.320000 0.000000
2033 2.320000 0.000000
2034 2.320000 0.000000
2035 2.320000 0.000000
2036 2.320000 0.000000
2037 2.320000 0.000000
2038 2.320000 0.000000
2039 2.320000 0.000000
2040 2.320000 0.000000
2041 2.320000 0.000000
2042 2.320000 0.000000
2043 2.320000 0.000000
2044 2.320000 0.000000
2045 2.320000 0.000000
2046 2.320000 0.000000
2047 2.320000 0.000000
2048 2.320000 0.000000
2049 2.320000 0.000000
2050 2.320000 0.000000
2051 2.320000 0.000000
2052 2.320000 0.000000
2053 2.320000 0.000000
2054 2.320000 0.000000
2055 2.320000 0.000000
2056 2.320000 0.000000
2057 2.320000 0.000000
2058 2.320000 0.000000
2059 2.320000 0.000000
2060 2.320000 0.000000
2061 2.320000 0.000000
2062 2.320000 0.000000
2063 2.320000 0.000000
2064 2.320000 0.000000
2065 2.320000 0.000000
2066 2.320000 0.000000
2067 2.320000 0.000000
2068 2.320000 0.000000
2069 2.320000 0.000000
2070 2.320000 0.000000
2071 2.320000 0.000000
2072 2.320000 0.000000
2073 2.320000 0.000000
2074 2.320000 0.000000
2075 2.320000 0.000000
2076 2.320000 0.000000
2077 2.320000 0.000000
2078 2.320000 0.000000
2079 2.320000 0.000000
2080 2.320000 0.000000
2081 2.320000 0.000000
2082 2.320000 0.000000
2083 2.320000 0.000000
2084 2.320000 0.000000
2085 2.320000 0.000000
2086 2.320000 0.000000
2087 2.320000 0.000000
2088 2.320000 0.000000
2089 2.320000 0.000000
2090 2.320000 0.000000
2091 2.320000 0.000000
2092 2.320000 0.000000
2093 2.320000 0.000000
2094 2.320000 0.000000
2095 2.320000 0.000000
2096 2.320000 0.000000
2097 2.320000 0.000000
2098 2.320000 0.000000
2099 2.320000 0.000000
2100 2.320000 0.000000
2101 2.320000 0.000000
2102 2.320000 0.000000
2103 2.320000 0.000000
2104 2.320000 0.000000
2105 2.320000 0.000000
2106 2.320000 0.000000
2107 2.320000 0.000000
2108 2.320000 0.000000
2109 2.320000 0.000000
2110 2.320000 0.000000
2111 2.320000 0.000000
2112 2.320000 0.000000
2113 2.320000 0.000000
2114 2.320000 0.000000
2115 2.320000 0.000000
2116 2.320000 0.000000
2117 2.320000 0.000000
2118 2.320000 0.000000
2119 2.320000 0.000000
2120 2.320000 0.000000
2121 2.320000 0.000000
2122 2.320000 0.000000
2123 2.320000 0.000000
2124 2.320000 0.000000
2125 2.320000 0.000000
2126 2.320000 0.000000
2127 2.320000 0.000000
2128 2.320000 0.000000
2129 2.320000 0.000000
2130 2.320000 0.000000
2131 2.320000 0.000000
2132 2.320000 0.000000
2133 2.320000 0.000000
2134 2.320000 0.000000
2135 2.320000 0.000000
2136 2.320000 0.000000
2137 2.320000 0.000000
2138 2.320000 0.000000
2139 2.320000 0.000000
2140 2.320000 0.000000
2141 2.320000 0.000000
2142 2.320000 0.000000
2143 2.320000 0.000000
2144 2.320000 0.000000
2145 2.320000 0.000000
2146 2.320000 0.862069
2147 2.320000 0.000000
2148 2.320000 0.000000
2149 2.320000 0.000000
2150 2.320000 0.000000
2151 2.320000 0.000000
2152 2.320000 0.000000
2153 2.320000 0.000000
2154 2.320000 0.000000
2155 2.320000 0.000000
2156 2.320000 0.000000
2157 2.320000 0.000000
2158 2.320000 0.000000
2159 2.320000 0.000000
2160 2.320000 0.000000
2161 2.320000 0.000000
2162 2.320000 0.000000
2163 2.320000 0.000000
2164 2.320000 0.000000
2165 2.320000 0.000000
2166 2.320000 0.000000
2167 2.320000 0.000000
2168 2.320000 0.000000
2169 2.320000 0.000000
2170 2.320000 0.000000
2171 2.320000 0.000000
2172 2.320000 0.000000
2173 2.320000 0.000000
2174 2.320000 0.000000
2175 2.320000 0.000000
2176 2.320000 0.000000
2177 2.320000 0.000000
2178 2.320000 0.000000
2179 2.320000 0.000000
2180 2.320000 0.000000
2181 2.320000 0.000000
2182 2.320000 0.000000
2183 2.320000 0.000000
2184 2.320000 0.000000
2185 2.320000 0.000000
2186 2.320000 0.000000
2187 2.320000 0.000000
2188 2.320000 0.000000
2189 2.320000 0.000000
2190 2.320000 0.000000
2191 2.320000 0.000000
2192 2.320000 0.000000
2193 2.320000 0.000000
2194 2.320000 0.000000
2195 2.320000 0.000000
2196 2.320000 0.000000
2197 2.320000 0.000000
2198 2.320000 0.000000
2199 2.320000 0.000000
2200 2.320000 0.000000
2201 2.320000 0.000000
2202 2.320000 0.000000
2203 2.320000 0.000000
2204 2.320000 0.000000
2205 2.320000 0.000000
2206 2.320000 0.000000
2207 2.320000 0.000000
2208 2.320000 0.000000
2209 2.320000 0.000000
2210 2.320000 0.000000
2211 2.320000 0.000000
2212 2.320000 0.000000
2213 2.320000 0.000000
2214 2.320000 0.000000
2215 2.320000 0.000000
2216 2.320000 0.000000
2217 2.320000 0.000000
2218 2.320000 0.000000
2219 2.320000 0.000000
2220 2.320000 0.000000
2221 2.320000 0.000000
2222 2.320000 0.000000
2223 2.320000 0.000000
2224 2.320000 0.000000
2225 2.320000 0.000000
2226 2.320000 0.000000
2227 2.320000 0.000000
2228 2.320000 0.000000
2229 2.320000 0.000000
2230 2.320000 0.000000
2231 2.320000 0.000000
2232 2.320000 0.000000
2233 2.320000 0.000000
2234 2.320000 0.000000
2235 2.320000 0.000000
2236 2.320000 0.000000
2237 2.320000 0.000000
2238 2.320000 0.000000
2239 2.320000 0.000000
2240 2.320000 0.000000
2241 2.320000 0.000000
2242 2.320000 0.000000
2243 2.320000 0.000000
2244 2.320000 0.000000
2245 2.320000 0.000000
2246 2.320000 0.000000
2247 2.320000 0.000000
2248 2.320000 0.000000
2249 2.320000 0.000000
2250 2.320000 0.000000
2251 2.320000 0.000000
2252 2.320000 0.000000
2253 2.320000 0.000000
2254 2.320000 0.000000
2255 2.320000 0.000000
2256 2.320000 0.000000
2257 2.320000 0.000000
2258 2.320000 0.000000
2259 2.320000 0.000000
2260 2.320000 0.000000
2261 2.320000 0.000000
2262 2.320000 0.000000
2263 2.320000 0.000000
2264 2.320000 0.000000
2265 2.320000 0.000000
2266 2.320000 0.000000
2267 2.320000 0.000000
2268 2.320000 0.000000
2269 2.320000 0.000000
2270 2.320000 0.000000
2271 2.320000 0.000000
2272 2.320000 0.000000
2273 2.320000 0.000000
2274 2.320000 0.000000
2275 2.320000 0.000000
2276 2.320000 0.000000
2277 2.320000 0.000000
2278 2.320000 0.000000
2279 2.320000 0.000000
2280 2.320000 0.000000
2281 2.320000 0.000000
2282 2.320000 0.000000
2283 2.320000 0.000000
2284 2.320000 0.000000
2285 2.320000 0.000000
2286 2.320000 0.000000
2287 2.320000 0.000000
2288 2.320000 0.000000
2289 2.320000 0.000000
2290 2.320000 0.000000
2291 2.320000 0.000000
2292 2.320000 0.000000
2293 2.320000 0.000000
2294 2.320000 0.000000
2295 2.320000 0.000000
2296 2.320000 0.000000
2297 2.320000 0.000000
2298 2.320000 0.000000
2299 2.320000 0.000000
2300 2.320000 0.000000
2301 2.320000 0.000000
2302 2.320000 0.000000
2303 2.320000 0.000000
2304 2.320000 0.000000
2305 2.320000 0.000000
2306 2.320000 0.000000
2307 2.320000 0.000000
2308 2.320000 0.000000
2309 2.320000 0.000000
2310 2.320000 0.000000
2311 2.320000 0.000000
2312 2.320000 0.000000
2313 2.320000 0.000000
2314 2.320000 0.000000
2315 2.320000 0.000000
2316 2.320000 0.000000
2317 2.320000 0.000000
2318 2.320000 0.000000
2319 2.320000 0.000000
2320 2.320000 0.000000
2321 2.320000 0.000000
2322 2.320000 0.000000
2323 2.320000 0.000000
2324 2.320000 0.000000
2325 2.320000 0.000000
2326 2.320000 0.000000
2327 2.320000 0.000000
2328 2.320000 0.000000
2329 2.320000 0.000000
2330 2.320000 0.000000
2331 2.320000 0.000000
2332 2.320000 0.000000
2333 2.320000 0.000000
2334 2.320000 0.000000
2335 2.320000 0.000000
2336 2.320000 0.000000
2337 2.320000 0.000000
2338 2.320000 0.000000
2339 2.320000 0.000000
2340 2.320000 0.000000
2341 2.320000 0.000000
2342 2.320000 0.000000
2343 2.320000 0.000000
2344 2.320000 0.000000
2345 2.320000 0.000000
2346 2.320000 0.000000
2347 2.320000 0.000000
2348 2.320000 0.000000
2349 2.320000 0.000000
2350 2.320000 0.000000
2351 2.320000 0.000000
2352 2.320000 0.000000
2353 2.320000 0.000000
2354 2.320000 0.000000
2355 2.320000 0.000000
2356 2.320000 0.000000
2357 2.320000 0.000000
2358 2.320000 0.000000
2359 2.320000 0.000000
2360 2.320000 0.000000
2361 2.320000 0.000000
2362 2.320000 0.000000
2363 2.320000 0.000000
2364 2.320000 0.000000
2365 2.320000 0.000000
2366 2.320000 0.000000
2367 2.320000 0.862069
2368 2.320000 0.000000
2369 2.320000 0.000000
2370 2.320000 0.000000
2371 2.320000 0.000000
2372 2.320000 0.000000
2373 2.320000 0.000000
2374 2.320000 0.000000
2375 2.320000 0.000000
2376 2.320000 0.000000
2377 2.320000 0.000000
2378 2.320000 0.000000
2379 2.320000 0.000000
2380 2.320000 0.000000
2381 2.320000 0.000000
2382 2.320000 0.000000
2383 2.320000 0.000000
2384 2.320000 0.000000
2385 2.320000 0.000000
2386 2.320000 0.000000
2387 2.320000 0.000000
2388 2.320000 0.000000
2389 2.320000 0.000000
2390 2.320000 0.000000
2391 2.320000 0.000000
2392 2.320000 0.000000
2393 2.320000 0.000000
2394 2.320000 0.000000
2395 2.320000 0.000000
2396 2.320000 0.000000
2397 2.320000 0.000000
2398 2.300000 0.869565
2399 2.300000 0.000000
2400 2.320000 0.000000
2401 1.860000 0.000000
2402 2.300000 0.000000
2403 1.740000 0.000000
2404 1.740000 0.000000
2405 1.740000 0.000000
2406 1.740000 0.000000
2407 1.740000 0.000000
2408 1.740000 0.000000
2409 1.740000 0.000000
2410 1.740000 0.000000
2411 1.740000 0.000000
2412 1.740000 0.000000
2413 1.740000 0.000000
2414 1.740000 0.000000
2415 1.740000 0.000000
2416 1.740000 0.000000
2417 1.740000 0.000000
2418 1.740000 0.000000
2419 1.740000 0.000000
2420 1.740000 0.000000
2421 1.740000 0.000000
2422 1.740000 0.000000
2423 1.740000 0.000000
2424 1.740000 0.000000
2425 1.740000 0.000000
2426 1.740000 0.000000
2427 1.740000 0.000000
2428 1.740000 0.000000
2429 1.740000 0.000000
2430 1.740000 0.000000
2431 1.740000 0.000000
2432 1.740000 0.000000
2433 1.740000 0.000000
2434 1.740000 0.000000
2435 1.740000 0.000000
2436 1.740000 0.000000
2437 1.740000 1.149425
2438 1.740000 0.000000
2439 1.740000 0.000000
2440 1.740000 0.000000
2441 1.740000 0.000000
2442 1.740000 0.000000
2443 1.740000 0.000000
2444 1.740000 0.000000
2445 1.740000 0.000000
2446 1.740000 0.000000
2447 1.740000 0.000000
2448 1.740000 0.000000
2449 1.740000 0.000000
2450 1.740000 0.000000
2451 1.740000 0.000000
2452 1.740000 0.000000
2453 1.740000 0.000000
2454 1.740000 0.000000
2455 1.740000 0.000000
2456 1.740000 0.000000
2457 1.740000 0.000000
2458 1.740000 0.000000
2459 1.740000 0.000000
2460 1.740000 0.000000
2461 1.740000 0.000000
2462 1.740000 0.000000
2463 1.740000 0.000000
2464 1.740000 0.000000
2465 1.740000 0.000000
2466 1.740000 0.000000
2467 1.740000 0.000000
2468 1.740000 0.000000
2469 1.740000 0.000000
2470 1.740000 0.000000
2471 1.740000 0.000000
2472 1.740000 0.000000
2473 1.740000 0.000000
2474 1.740000 0.000000
2475 1.740000 0.000000
2476 1.740000 0.000000
2477 1.740000 0.000000
2478 1.740000 0.000000
2479 1.740000 0.000000
2480 1.740000 0.000000
2481 1.740000 0.000000
2482 1.740000 0.000000
2483 1.740000 0.000000
2484 1.740000 0.000000
2485 1.740000 0.000000
2486 1.740000 0.000000
2487 1.740000 0.000000
2488 1.740000 0.000000
2489 1.740000 0.000000
2490 1.740000 0.000000
2491 1.740000 0.000000
2492 1.740000 0.000000
2493 1.740000 0.000000
2494 1.740000 0.000000
2495 1.740000 0.000000
2496 1.740000 0.000000
2497 1.740000 0.000000
2498 1.740000 0.000000
2499 1.740000 0.000000
2500 1.740000 0.000000
2501 1.740000 0.000000
2502 1.740000 0.000000
2503 1.740000 0.000000
2504 1.740000 0.000000
2505 1.740000 0.000000
2506 1.740000 0.000000
2507 1.740000 0.000000
2508 1.740000 0.000000
2509 1.740000 0.000000
2510 1.740000 0.000000
2511 1.740000 0.000000
2512 1.740000 0.000000
2513 1.740000 0.000000
2514 1.740000 0.000000
2515 1.740000 0.000000
2516 1.740000 0.000000
2517 1.740000 0.000000
2518 1.740000 0.000000
2519 1.740000 0.000000
2520 1.740000 0.000000
2521 1.740000 0.000000
2522 1.740000 0.000000
2523 1.740000 0.000000
2524 1.740000 0.000000
2525 1.740000 0.000000
2526 1.740000 0.000000
2527 1.740000 0.000000
2528 1.740000 0.000000
2529 1.740000 0.000000
2530 1.740000 0.000000
2531 1.740000 0.000000
2532 1.740000 0.000000
2533 1.740000 0.000000
2534 1.740000 0.000000
2535 1.740000 0.000000
2536 1.740000 0.000000
2537 1.740000 0.000000
2538 1.740000 0.000000
2539 1.740000 0.000000
2540 1.740000 0.000000
2541 1.740000 0.000000
2542 1.740000 0.000000
2543 1.740000 0.000000
2544 1.740000 0.000000
2545 1.740000 0.000000
2546 1.740000 0.000000
2547 1.740000 0.000000
2548 1.740000 0.000000
2549 1.740000 0.000000
2550 1.740000 0.000000
2551 1.740000 0.000000
2552 1.740000 0.000000
2553 1.740000 0.000000
2554 1.740000 0.000000
2555 1.740000 0.000000
2556 1.740000 0.000000
2557 1.740000 0.000000
2558 1.740000 0.000000
2559 1.740000 0.000000
2560 1.740000 0.000000
2561 1.740000 0.000000
2562 1.740000 0.000000
2563 1.740000 0.000000
2564 1.740000 0.000000
2565 1.820000 1.098901
2566 1.740000 0.000000
2567 1.740000 0.000000
2568 1.740000 0.000000
2569 1.740000 0.000000
2570 1.740000 0.000000
2571 1.740000 0.000000
2572 1.740000 0.000000
2573 1.740000 0.000000
2574 1.740000 0.000000
2575 1.740000 0.000000
2576 1.740000 0.000000
2577 1.740000 0.000000
2578 1.740000 0.000000
2579 1.740000 0.000000
2580 1.740000 0.000000
2581 1.740000 0.000000
2582 1.740000 0.000000
2583 1.740000 0.000000
2584 1.740000 0.000000
2585 1.740000 0.000000
2586 1.740000 0.000000
2587 1.740000 0.000000
2588 1.740000 0.000000
2589 1.740000 0.000000
2590 1.740000 0.000000
2591 1.740000 0.000000
2592 1.740000 0.000000
2593 1.740000 0.000000
2594 1.740000 0.000000
2595 1.740000 0.000000
2596 1.740000 0.000000
2597 1.740000 0.000000
2598 1.740000 0.000000
2599 1.740000 0.000000
2600 1.740000 0.000000
2601 1.740000 0.000000
2602 1.740000 0.000000
2603 1.740000 0.000000
2604 1.740000 0.000000
2605 1.740000 0.000000
2606 1.740000 0.000000
2607 1.740000 0.000000
2608 1.740000 0.000000
2609 1.740000 0.000000
2610 1.740000 0.000000
2611 1.740000 0.000000
2612 1.740000 0.000000
2613 1.740000 0.000000
2614 1.740000 1.149425
2615 1.740000 0.000000
2616 1.740000 0.000000
2617 1.740000 0.000000
2618 1.740000 0.000000
2619 1.740000 0.000000
2620 1.740000 0.000000
2621 1.740000 0.000000
2622 1.740000 0.000000
2623 1.740000 0.000000
2624 1.740000 0.000000
2625 1.740000 0.000000
2626 1.740000 0.000000
2627 2.300000 0.869565
2628 1.740000 0.000000
2629 1.740000 0.000000
2630 1.740000 0.000000
2631 1.740000 0.000000
2632 1.740000 0.000000
2633 1.740000 0.000000
2634 1.740000 0.000000
2635 1.740000 0.000000
2636 1.740000 0.000000
2637 1.740000 0.000000
2638 1.740000 0.000000
2639 1.740000 0.000000
2640 1.740000 0.000000
2641 1.740000 0.000000
2642 1.740000 0.000000
2643 1.740000 0.000000
2644 1.740000 0.000000
2645 1.740000 0.000000
2646 1.740000 0.000000
2647 1.740000 0.000000
2648 1.740000 0.000000
2649 1.740000 0.000000
2650 1.740000 0.000000
2651 1.740000 0.000000
2652 1.740000 0.000000
2653 1.740000 0.000000
2654 1.740000 1.149425
2655 1.740000 0.000000
2656 1.740000 0.000000
2657 1.740000 0.000000
2658 1.740000 0.000000
2659 1.740000 0.000000
2660 1.740000 0.000000
2661 1.740000 0.000000
2662 1.740000 0.000000
2663 1.740000 0.000000
2664 1.740000 0.000000
2665 1.740000 0.000000
2666 1.740000 1.149425
2667 1.740000 0.000000
2668 1.740000 0.000000
2669 1.740000 0.000000
2670 1.740000 0.000000
2671 1.740000 0.000000
2672 1.740000 0.000000
2673 1.740000 0.000000
2674 1.740000 0.000000
2675 1.740000 0.000000
2676 1.740000 0.000000
2677 1.740000 0.000000
2678 1.740000 0.000000
2679 1.740000 0.000000
2680 1.740000 0.000000
2681 1.740000 0.000000
2682 1.740000 0.000000
2683 1.740000 0.000000
2684 1.740000 0.000000
2685 1.740000 0.000000
2686 1.740000 0.000000
2687 1.740000 0.000000
2688 1.740000 0.000000
2689 1.740000 0.000000
2690 1.740000 0.000000
2691 1.740000 1.149425
2692 1.740000 0.000000
2693 1.740000 0.000000
2694 1.740000 0.000000
2695 1.740000 0.000000
2696 1.740000 0.000000
2697 1.740000 0.000000
2698 1.740000 0.000000
2699 1.740000 0.000000
2700 1.740000 0.000000
2701 1.740000 0.000000
2702 1.740000 0.000000
2703 1.740000 0.000000
2704 1.740000 0.000000
2705 1.740000 0.000000
2706 1.740000 0.000000
2707 1.740000 0.000000
2708 1.740000 0.000000
2709 1.740000 0.000000
2710 1.740000 0.000000
2711 1.740000 0.000000
2712 1.740000 0.000000
2713 1.740000 0.000000
2714 1.740000 0.000000
2715 1.740000 0.000000
2716 1.740000 0.000000
2717 1.740000 0.000000
2718 1.740000 0.000000
2719 1.740000 0.000000
2720 1.740000 0.000000
2721 1.740000 0.000000
2722 1.740000 0.000000
2723 1.740000 0.000000
2724 1.740000 0.000000
2725 1.740000 0.000000
2726 1.740000 0.000000
2727 1.740000 0.000000
2728 1.740000 0.000000
2729 1.740000 0.000000
2730 1.740000 0.000000
2731 1.740000 0.000000
2732 1.740000 0.000000
2733 1.740000 0.000000
2734 1.740000 0.000000
2735 1.740000 0.000000
2736 1.740000 0.000000
2737 1.740000 0.000000
2738 1.740000 0.000000
2739 1.740000 0.000000
2740 1.740000 0.000000
2741 1.740000 0.000000
2742 1.740000 0.000000
2743 1.740000 0.000000
2744 1.740000 0.000000
2745 1.740000 0.000000
2746 1.740000 0.000000
2747 1.740000 0.000000
2748 1.740000 0.000000
2749 1.740000 0.000000
2750 1.740000 0.000000
2751 1.740000 0.000000
2752 1.740000 0.000000
2753 1.740000 0.000000
2754 1.740000 0.000000
2755 1.740000 0.000000
2756 1.740000 0.000000
2757 1.740000 0.000000
2758 1.740000 0.000000
2759 1.740000 0.000000
2760 1.740000 0.000000
2761 1.740000 0.000000
2762 1.740000 0.000000
2763 1.740000 0.000000
2764 1.740000 0.000000
2765 1.740000 0.000000
2766 1.740000 0.000000
2767 1.740000 0.000000
2768 1.740000 0.000000
2769 1.740000 0.000000
2770 1.740000 0.000000
2771 1.740000 0.000000
2772 1.740000 0.000000
2773 1.740000 0.000000
2774 1.740000 0.000000
2775 1.740000 0.000000
2776 1.740000 0.000000
2777 1.740000 0.000000
2778 1.740000 0.000000
2779 1.740000 0.000000
2780 1.740000 0.000000
2781 1.740000 0.000000
2782 1.740000 0.000000
2783 1.740000 0.000000
2784 1.740000 0.000000
2785 1.740000 0.000000
2786 1.740000 0.000000
2787 1.740000 0.000000
2788 1.740000 0.000000
2789 1.740000 0.000000
2790 1.740000 0.000000
2791 1.740000 0.000000
2792 1.740000 0.000000
2793 1.740000 0.000000
2794 1.740000 0.000000
2795 1.740000 0.000000
2796 1.740000 0.000000
2797 1.740000 0.000000
2798 1.740000 0.000000
2799 1.740000 0.000000
2800 1.740000 0.000000
2801 1.740000 0.000000
2802 1.740000 0.000000
2803 1.740000 0.000000
2804 1.740000 0.000000
2805 1.740000 0.000000
2806 1.740000 0.000000
2807 1.740000 0.000000
2808 1.740000 0.000000
2809 1.740000 0.000000
2810 1.740000 0.000000
2811 1.740000 0.000000
2812 1.740000 0.000000
2813 1.740000 0.000000
2814 1.740000 0.000000
2815 1.740000 0.000000
2816 1.740000 0.000000
2817 1.740000 0.000000
2818 1.740000 0.000000
2819 1.740000 0.000000
2820 1.740000 0.000000
2821 1.740000 0.000000
2822 1.740000 0.000000
2823 1.740000 0.000000
2824 1.740000 0.000000
2825 1.740000 0.000000
2826 1.740000 0.000000
2827 1.740000 0.000000
2828 1.740000 0.000000
2829 1.740000 0.000000
2830 1.740000 0.000000
2831 1.740000 0.000000
2832 1.740000 0.000000
2833 1.740000 0.000000
2834 1.740000 0.000000
2835 1.740000 0.000000
2836 1.740000 0.000000
2837 1.740000 0.000000
2838 1.740000 0.000000
2839 1.740000 0.000000
2840 1.740000 0.000000
2841 1.740000 0.000000
2842 1.740000 0.000000
2843 1.740000 0.000000
2844 1.740000 0.000000
2845 1.740000 0.000000
2846 1.740000 0.000000
2847 1.740000 0.000000
2848 1.740000 0.000000
2849 1.740000 0.000000
2850 1.740000 0.000000
2851 1.740000 0.000000
2852 1.740000 0.000000
2853 1.740000 0.000000
2854 1.740000 0.000000
2855 1.740000 0.000000
2856 1.740000 0.000000
2857 1.740000 0.000000
2858 1.740000 0.000000
2859 1.740000 0.000000
2860 1.740000 0.000000
2861 1.740000 0.000000
2862 1.740000 0.000000
2863 1.740000 0.000000
2864 1.740000 0.000000
2865 1.740000 0.000000
2866 1.740000 0.000000
2867 1.740000 0.000000
2868 1.740000 0.000000
2869 1.740000 0.000000
2870 1.740000 0.000000
2871 1.740000 0.000000
2872 1.740000 0.000000
2873 1.740000 0.000000
2874 1.740000 0.000000
2875 1.740000 0.000000
2876 1.740000 0.000000
2877 1.740000 0.000000
2878 1.740000 0.000000
2879 1.740000 0.000000
2880 1.740000 0.000000
2881 1.740000 0.000000
2882 1.740000 0.000000
2883 1.740000 0.000000
2884 1.740000 0.000000
2885 1.740000 0.000000
2886 1.740000 0.000000
2887 1.740000 0.000000
2888 1.740000 0.000000
2889 1.740000 0.000000
2890 1.740000 0.000000
2891 1.740000 0.000000
2892 1.740000 0.000000
2893 1.740000 0.000000
2894 1.740000 0.000000
2895 1.740000 0.000000
2896 1.740000 0.000000
2897 1.740000 0.000000
2898 1.740000 0.000000
2899 1.740000 0.000000
2900 1.740000 0.000000
2901 1.740000 0.000000
2902 1.740000 0.000000
2903 1.740000 0.000000
2904 1.740000 0.000000
2905 1.740000 0.000000
2906 1.740000 0.000000
2907 1.740000 0.000000
2908 1.740000 0.000000
2909 1.740000 0.000000
2910 1.740000 0.000000
2911 1.740000 0.000000
2912 1.740000 0.000000
2913 1.740000 0.000000
2914 1.740000 0.000000
2915 1.740000 0.000000
2916 1.740000 0.000000
2917 1.740000 0.000000
2918 1.740000 0.000000
2919 1.740000 0.000000
2920 1.740000 0.000000
2921 1.740000 0.000000
2922 1.740000 0.000000
2923 1.740000 0.000000
2924 1.740000 0.000000
2925 1.740000 0.000000
2926 1.740000 0.000000
2927 1.740000 0.000000
2928 1.740000 0.000000
2929 1.740000 0.000000
2930 1.740000 0.000000
2931 1.740000 0.000000
2932 1.740000 0.000000
2933 1.740000 0.000000
2934 1.740000 0.000000
2935 1.740000 0.000000
2936 1.740000 0.000000
2937 1.740000 0.000000
2938 1.740000 0.000000
2939 1.740000 0.000000
2940 1.740000 0.000000
2941 1.740000 0.000000
2942 1.740000 0.000000
2943 1.740000 0.000000
2944 1.740000 0.000000
2945 1.740000 0.000000
2946 1.740000 0.000000
2947 1.740000 0.000000
2948 1.740000 0.000000
2949 1.740000 0.000000
2950 1.740000 0.000000
2951 1.740000 0.000000
2952 1.740000 0.000000
2953 1.740000 0.000000
2954 1.740000 0.000000
2955 1.740000 0.000000
2956 1.740000 0.000000
2957 1.740000 0.000000
2958 1.740000 0.000000
2959 1.740000 0.000000
2960 1.740000 0.000000
2961 1.740000 0.000000
2962 1.740000 0.000000
2963 1.740000 0.000000
2964 1.740000 0.000000
2965 1.740000 0.000000
2966 1.740000 0.000000
2967 1.740000 0.000000
2968 1.740000 0.000000
2969 1.740000 0.000000
2970 1.740000 0.000000
2971 1.740000 0.000000
2972 1.740000 0.000000
2973 1.740000 0.000000
2974 1.740000 0.000000
2975 1.740000 0.000000
2976 1.740000 0.000000
2977 1.740000 0.000000
2978 1.740000 0.000000
2979 1.740000 0.000000
2980 1.740000 0.000000
2981 1.740000 0.000000
2982 1.740000 0.000000
2983 1.740000 0.000000
2984 1.740000 0.000000
2985 1.740000 0.000000
2986 1.740000 0.000000
2987 1.740000 0.000000
2988 1.740000 0.000000
2989 1.740000 0.000000
2990 1.740000 0.000000
2991 1.740000 0.000000
2992 1.740000 0.000000
2993 1.740000 0.000000
2994 1.740000 0.000000
2995 1.740000 0.000000
2996 1.740000 0.000000
2997 1.740000 0.000000
2998 1.740000 0.000000
2999 1.740000 0.000000
3000 1.740000 0.000000
3001 1.740000 0.000000
3002 1.740000 0.000000
3003 1.740000 0.000000
3004 1.740000 0.000000
3005 1.740000 0.000000
3006 1.740000 0.000000
3007 1.740000 0.000000
3008 1.740000 0.000000
3009 1.740000 0.000000
3010 1.740000 0.000000
3011 1.740000 0.000000
3012 1.740000 0.000000
3013 1.740000 0.000000
3014 1.740000 0.000000
3015 1.740000 0.000000
3016 1.740000 0.000000
3017 1.740000 0.000000
3018 1.740000 0.000000
3019 1.740000 0.000000
3020 1.740000 0.000000
3021 1.740000 0.000000
3022 1.740000 0.000000
3023 1.740000 0.000000
3024 1.740000 0.000000
3025 1.740000 0.000000
3026 1.740000 0.000000
3027 1.740000 0.000000
3028 1.740000 0.000000
3029 1.740000 0.000000
3030 1.740000 0.000000
3031 1.740000 0.000000
3032 1.740000 0.000000
3033 1.740000 0.000000
3034 1.740000 0.000000
3035 1.740000 0.000000
3036 1.740000 0.000000
3037 1.740000 0.000000
3038 1.740000 0.000000
3039 1.740000 0.000000
3040 1.740000 0.000000
3041 1.740000 0.000000
3042 1.740000 0.000000
3043 1.740000 0.000000
3044 1.740000 0.000000
3045 1.740000 0.000000
3046 1.740000 0.000000
3047 1.740000 0.000000
3048 1.740000 0.000000
3049 1.740000 0.000000
3050 1.740000 0.000000
3051 1.740000 0.000000
3052 1.740000 0.000000
3053 1.740000 0.000000
3054 1.740000 0.000000
3055 1.740000 0.000000
3056 1.740000 0.000000
3057 1.740000 0.000000
3058 1.740000 0.000000
3059 1.740000 0.000000
3060 1.740000 0.000000
3061 1.740000 0.000000
3062 1.740000 0.000000
3063 1.740000 0.000000
3064 1.740000 0.000000
3065 1.740000 0.000000
3066 1.740000 0.000000
3067 1.740000 0.000000
3068 1.740000 0.000000
3069 1.740000 0.000000
3070 1.740000 0.000000
3071 1.740000 0.000000
3072 1.740000 0.000000
3073 1.740000 0.000000
3074 1.740000 0.000000
3075 1.740000 0.000000
3076 1.740000 0.000000
3077 1.740000 0.000000
3078 1.740000 1.149425
3079 1.740000 0.000000
3080 1.740000 0.000000
3081 1.740000 0.000000
3082 1.740000 0.000000
3083 1.740000 0.000000
3084 1.740000 0.000000
3085 1.740000 0.000000
3086 1.740000 0.000000
3087 1.740000 0.000000
3088 1.740000 0.000000
3089 1.740000 0.000000
3090 1.740000 0.000000
3091 1.740000 0.000000
3092 1.740000 0.000000
3093 1.740000 0.000000
3094 1.740000 0.000000
3095 1.740000 0.000000
3096 1.740000 0.000000
3097 1.740000 0.000000
3098 1.740000 0.000000
3099 1.740000 0.000000
3100 1.740000 0.000000
3101 1.740000 0.000000
3102 1.740000 0.000000
3103 1.740000 0.000000
3104 1.740000 0.000000
3105 1.740000 0.000000
3106 1.740000 0.000000
3107 1.740000 0.000000
3108 1.740000 0.000000
3109 1.740000 0.000000
3110 1.740000 0.000000
3111 1.740000 0.000000
3112 1.740000 0.000000
3113 1.740000 0.000000
3114 1.740000 0.000000
3115 1.740000 0.000000
3116 1.740000 0.000000
3117 1.740000 0.000000
3118 1.740000 0.000000
3119 1.740000 0.000000
3120 1.740000 0.000000
3121 1.740000 0.000000
3122 1.740000 0.000000
3123 1.740000 0.000000
3124 1.740000 0.000000
3125 1.740000 0.000000
3126 1.740000 0.000000
3127 1.740000 0.000000
3128 1.740000 0.000000
3129 1.740000 0.000000
3130 1.740000 0.000000
3131 1.740000 0.000000
3132 1.740000 0.000000
3133 1.740000 0.000000
3134 1.740000 0.000000
3135 1.740000 0.000000
3136 1.740000 0.000000
3137 1.740000 0.000000
3138 1.740000 0.000000
3139 1.740000 0.000000
3140 1.740000 0.000000
3141 1.740000 0.000000
3142 1.740000 0.000000
3143 1.740000 0.000000
3144 1.740000 0.000000
3145 1.740000 0.000000
3146 1.740000 0.000000
3147 1.740000 0.000000
3148 1.740000 0.000000
3149 1.740000 0.000000
3150 1.740000 0.000000
3151 1.740000 0.000000
3152 1.740000 0.000000
3153 1.740000 0.000000
3154 1.740000 0.000000
3155 1.740000 0.000000
3156 1.740000 0.000000
3157 1.740000 0.000000
3158 1.740000 0.000000
3159 1.740000 0.000000
3160 1.740000 0.000000
3161 1.740000 0.000000
3162 1.740000 0.000000
3163 1.740000 0.000000
3164 1.740000 0.000000
3165 1.740000 0.000000
3166 1.740000 0.000000
3167 1.740000 0.000000
3168 1.740000 0.000000
3169 1.740000 0.000000
3170 1.740000 0.000000
3171 1.740000 0.000000
3172 1.740000 0.000000
3173 1.740000 0.000000
3174 1.740000 0.000000
3175 1.740000 0.000000
3176 1.740000 0.000000
3177 1.740000 0.000000
3178 1.740000 0.000000
3179 1.740000 0.000000
3180 1.740000 0.000000
3181 1.740000 0.000000
3182 1.740000 0.000000
3183 1.740000 0.000000
3184 1.740000 0.000000
3185 1.740000 0.000000
3186 1.740000 0.000000
3187 1.740000 0.000000
3188 1.740000 0.000000
3189 1.740000 0.000000
3190 1.740000 0.000000
3191 1.740000 0.000000
3192 1.740000 0.000000
3193 1.740000 0.000000
3194 1.740000 0.000000
3195 1.740000 0.000000
3196 1.740000 0.000000
3197 1.740000 0.000000
3198 1.740000 0.000000
3199 1.740000 0.000000
3200 1.740000 0.000000
3201 1.740000 0.000000
3202 1.740000 0.000000
3203 1.740000 0.000000
3204 1.740000 0.000000
3205 1.740000 0.000000
3206 1.740000 0.000000
3207 1.740000 0.000000
3208 1.740000 0.000000
3209 1.740000 0.000000
3210 1.740000 0.000000
3211 1.740000 0.000000
3212 1.740000 0.000000
3213 1.740000 0.000000
3214 1.740000 1.149425
3215 1.740000 0.000000
3216 1.740000 0.000000
3217 1.740000 0.000000
3218 1.740000 0.000000
3219 1.740000 0.000000
3220 1.740000 0.000000
3221 1.740000 0.000000
3222 1.740000 0.000000
3223 1.740000 0.000000
3224 1.740000 0.000000
3225 1.740000 0.000000
3226 1.740000 0.000000
3227 1.740000 0.000000
3228 1.740000 0.000000
3229 1.740000 0.000000
3230 1.740000 0.000000
3231 1.740000 0.000000
3232 1.740000 0.000000
3233 1.740000 0.000000
3234 1.740000 0.000000
3235 1.740000 0.000000
3236 1.740000 0.000000
3237 1.740000 0.000000
3238 1.740000 0.000000
3239 1.740000 0.000000
3240 1.740000 0.000000
3241 1.740000 0.000000
3242 1.740000 0.000000
3243 1.740000 0.000000
3244 1.740000 0.000000
3245 1.740000 0.000000
3246 1.740000 0.000000
3247 1.740000 0.000000
3248 1.740000 0.000000
3249 1.740000 0.000000
3250 1.740000 0.000000
3251 1.740000 0.000000
3252 1.740000 0.000000
3253 1.740000 0.000000
3254 1.740000 0.000000
3255 1.740000 0.000000
3256 1.740000 0.000000
3257 1.740000 0.000000
3258 1.740000 0.000000
3259 1.740000 0.000000
3260 1.740000 0.000000
3261 1.740000 0.000000
3262 1.740000 0.000000
3263 1.740000 0.000000
3264 1.740000 0.000000
3265 1.740000 0.000000
3266 1.740000 0.000000
3267 1.740000 0.000000
3268 1.740000 0.000000
3269 1.740000 0.000000
3270 1.740000 0.000000
3271 1.740000 0.000000
3272 1.740000 0.000000
3273 1.740000 0.000000
3274 1.740000 0.000000
3275 1.740000 0.000000
3276 1.740000 0.000000
3277 1.740000 0.000000
3278 1.740000 0.000000
3279 1.740000 0.000000
3280 1.740000 0.000000
3281 1.740000 0.000000
3282 1.740000 0.000000
3283 1.740000 0.000000
3284 1.740000 0.000000
3285 1.740000 0.000000
3286 1.740000 0.000000
3287 1.740000 0.000000
3288 1.740000 0.000000
3289 1.740000 0.000000
3290 1.740000 0.000000
3291 1.740000 0.000000
3292 1.740000 0.000000
3293 1.740000 0.000000
3294 1.740000 0.000000
3295 1.740000 0.000000
3296 1.740000 0.000000
3297 1.740000 0.000000
3298 1.740000 0.000000
3299 1.740000 0.000000
3300 1.740000 0.000000
3301 1.740000 0.000000
3302 1.740000 0.000000
3303 1.740000 0.000000
3304 1.740000 0.000000
3305 1.740000 0.000000
3306 1.740000 0.000000
3307 1.740000 0.000000
3308 1.740000 0.000000
3309 1.740000 0.000000
3310 1.740000 0.000000
3311 1.740000 0.000000
3312 1.740000 0.000000
3313 1.740000 0.000000
3314 1.740000 0.000000
3315 1.740000 0.000000
3316 1.740000 0.000000
3317 1.740000 0.000000
3318 1.740000 0.000000
3319 1.740000 0.000000
3320 1.740000 0.000000
3321 1.740000 0.000000
3322 1.740000 0.000000
3323 1.740000 0.000000
3324 1.740000 0.000000
3325 1.740000 0.000000
3326 1.740000 0.000000
3327 1.740000 0.000000
3328 1.740000 0.000000
3329 1.740000 0.000000
3330 1.740000 0.000000
3331 1.740000 0.000000
3332 1.740000 0.000000
3333 1.740000 0.000000
3334 1.740000 0.000000
3335 1.740000 0.000000
3336 1.740000 0.000000
3337 1.740000 0.000000
3338 1.740000 0.000000
3339 1.740000 0.000000
3340 1.740000 0.000000
3341 1.740000 0.000000
3342 1.740000 0.000000
3343 1.740000 0.000000
3344 1.740000 0.000000
3345 1.740000 0.000000
3346 1.740000 0.000000
3347 1.740000 0.000000
3348 1.740000 0.000000
3349 1.740000 0.000000
3350 1.740000 0.000000
3351 1.740000 0.000000
3352 1.740000 0.000000
3353 1.740000 0.000000
3354 1.740000 0.000000
3355 1.740000 0.000000
3356 1.740000 0.000000
3357 1.740000 0.000000
3358 1.740000 0.000000
3359 1.740000 0.000000
3360 1.740000 0.000000
3361 1.740000 0.000000
3362 1.740000 0.000000
3363 1.740000 0.000000
3364 1.740000 0.000000
3365 1.740000 0.000000
3366 1.740000 0.000000
3367 1.740000 0.000000
3368 1.740000 0.000000
3369 1.740000 0.000000
3370 1.740000 0.000000
3371 1.740000 0.000000
3372 1.740000 0.000000
3373 1.740000 0.000000
3374 1.740000 0.000000
3375 1.740000 0.000000
3376 1.740000 0.000000
3377 1.740000 0.000000
3378 1.740000 0.000000
3379 1.740000 0.000000
3380 1.740000 0.000000
3381 1.740000 0.000000
3382 1.740000 0.000000
3383 1.740000 0.000000
3384 1.740000 0.000000
3385 1.740000 0.000000
3386 1.740000 0.000000
3387 1.740000 0.000000
3388 1.740000 0.000000
3389 1.740000 0.000000
3390 1.740000 0.000000
3391 1.740000 0.000000
3392 1.740000 0.000000
3393 1.740000 0.000000
3394 1.740000 0.000000
3395 1.740000 0.000000
3396 1.740000 0.000000
3397 1.740000 0.000000
3398 1.740000 0.000000
3399 1.740000 0.000000
3400 1.740000 0.000000
3401 1.740000 0.000000
3402 1.740000 0.000000
3403 1.740000 0.000000
3404 1.740000 0.000000
3405 1.740000 0.000000
3406 1.740000 0.000000
3407 1.740000 0.000000
3408 1.740000 0.000000
3409 1.740000 0.000000
3410 1.740000 0.000000
3411 1.740000 0.000000
3412 1.740000 0.000000
3413 1.740000 0.000000
3414 1.740000 0.000000
3415 1.740000 0.000000
3416 1.740000 0.000000
3417 1.740000 0.000000
3418 1.740000 0.000000
3419 1.740000 0.000000
3420 1.740000 0.000000
3421 1.740000 0.000000
3422 1.740000 0.000000
3423 1.740000 0.000000
3424 1.740000 0.000000
3425 1.740000 0.000000
3426 1.740000 0.000000
3427 1.740000 0.000000
3428 1.740000 0.000000
3429 1.740000 0.000000
3430 1.740000 0.000000
3431 1.740000 0.000000
3432 1.740000 0.000000
3433 1.740000 0.000000
3434 1.740000 0.000000
3435 1.740000 0.000000
3436 1.740000 0.000000
3437 1.740000 0.000000
3438 1.740000 0.000000
3439 1.740000 0.000000
3440 1.740000 0.000000
3441 1.740000 0.000000
3442 1.740000 0.000000
3443 1.740000 0.000000
3444 1.740000 0.000000
3445 1.740000 0.000000
3446 1.740000 0.000000
3447 1.740000 0.000000
3448 1.740000 0.000000
3449 1.740000 0.000000
3450 1.740000 0.000000
3451 1.740000 0.000000
3452 1.740000 0.000000
3453 1.740000 0.000000
3454 1.740000 0.000000
3455 1.740000 0.000000
3456 1.740000 0.000000
3457 1.740000 0.000000
3458 1.740000 0.000000
3459 1.740000 0.000000
3460 1.740000 0.000000
3461 1.740000 0.000000
3462 1.740000 0.000000
3463 1.740000 0.000000
3464 1.740000 0.000000
3465 1.740000 0.000000
3466 1.740000 0.000000
3467 1.740000 0.000000
3468 1.740000 0.000000
3469 1.740000 0.000000
3470 1.740000 0.000000
3471 1.740000 0.000000
3472 1.740000 0.000000
3473 1.740000 0.000000
3474 1.740000 0.000000
3475 1.740000 0.000000
3476 1.740000 0.000000
3477 1.740000 0.000000
3478 1.740000 0.000000
3479 1.740000 0.000000
3480 1.740000 0.000000
3481 1.740000 0.000000
3482 1.740000 0.000000
3483 1.740000 0.000000
3484 1.740000 0.000000
3485 1.740000 0.000000
3486 1.740000 0.000000
3487 1.740000 0.000000
3488 0.640000 3.125000
3489 2.080000 0.000000
3490 8.880000 0.000000
3491 10.540000 0.189753
3492 9.620000 0.000000
3493 9.620000 0.000000
3494 9.620000 0.000000
3495 9.620000 0.000000
3496 9.620000 0.000000
3497 9.620000 0.000000
3498 9.620000 0.000000
3499 9.620000 0.000000
3500 9.620000 0.000000
3501 9.620000 0.000000
3502 9.620000 0.000000
3503 9.620000 0.000000
3504 9.620000 0.000000
3505 9.620000 0.000000
3506 9.620000 0.000000
3507 9.620000 0.000000
3508 9.620000 0.000000
3509 9.620000 0.000000
3510 9.620000 0.000000
3511 9.620000 0.000000
3512 9.620000 0.000000
3513 9.620000 0.000000
3514 9.620000 0.000000
3515 9.620000 0.000000
3516 9.620000 0.000000
3517 9.620000 0.207900
3518 9.620000 0.000000
3519 9.620000 0.000000
3520 9.620000 0.000000
3521 9.620000 0.000000
3522 9.620000 0.000000
3523 9.620000 0.000000
3524 9.620000 0.000000
3525 9.620000 0.000000
3526 9.620000 0.000000
3527 9.620000 0.000000
3528 9.620000 0.000000
3529 9.620000 0.000000
3530 9.620000 0.000000
3531 9.620000 0.000000
3532 9.620000 0.000000
3533 9.620000 0.000000
3534 9.620000 0.000000
3535 9.620000 0.000000
3536 9.620000 0.207900
3537 9.620000 0.000000
3538 9.620000 0.000000
3539 9.620000 0.000000
3540 9.620000 0.000000
3541 9.620000 0.000000
3542 9.620000 0.000000
3543 9.620000 0.000000
3544 9.620000 0.000000
3545 9.620000 0.000000
3546 9.620000 0.000000
3547 9.620000 0.000000
3548 9.620000 0.000000
3549 9.620000 0.000000
3550 9.620000 0.000000
3551 9.620000 0.000000
3552 9.620000 0.000000
3553 9.620000 0.000000
3554 9.620000 0.000000
3555 9.620000 0.000000
3556 9.620000 0.000000
3557 9.620000 0.000000
3558 9.620000 0.000000
3559 9.620000 0.000000
3560 9.620000 0.000000
3561 9.620000 0.000000
3562 9.620000 0.000000
3563 9.620000 0.000000
3564 9.620000 0.000000
3565 9.620000 0.000000
3566 9.620000 0.000000
3567 9.620000 0.000000
