0 0.180000 0.000000
1 0.180000 0.000000
2 0.180000 0.000000
3 0.240000 0.000000
4 0.260000 0.000000
5 0.780000 0.000000
6 0.640000 0.000000
7 4.320000 0.000000
8 4.320000 0.000000
9 2.620000 0.763359
10 0.320000 0.000000
11 0.540000 0.000000
12 0.180000 0.000000
13 0.740000 2.702703
14 0.300000 0.000000
15 1.240000 0.000000
16 1.280000 0.000000
17 6.320000 0.000000
18 3.900000 0.512821
19 10.660000 0.000000
20 7.800000 0.000000
21 32.880000 0.182482
22 8.320000 0.240385
23 2.480000 0.806452
24 3.140000 0.000000
25 2.840000 0.000000
26 1.780000 0.000000
27 3.160000 0.000000
28 2.080000 0.000000
29 2.440000 0.819672
30 2.480000 0.000000
31 4.000000 0.000000
32 4.000000 0.000000
33 3.300000 0.000000
34 4.000000 0.000000
35 3.380000 1.183432
36 2.640000 0.000000
37 7.800000 0.000000
38 4.040000 0.495050
39 5.180000 0.000000
40 3.520000 0.000000
41 3.500000 0.000000
42 4.320000 0.000000
43 2.600000 0.000000
44 2.460000 0.813008
45 2.600000 0.000000
46 4.260000 0.000000
47 3.540000 0.564972
48 4.960000 0.000000
49 3.460000 0.000000
50 3.060000 0.000000
51 4.700000 0.425532
52 6.100000 0.327869
53 10.020000 0.000000
54 18.260000 0.000000
55 6.560000 0.000000
56 18.660000 0.107181
57 11.500000 0.000000
58 7.160000 0.279330
59 0.280000 0.000000
60 0.280000 0.000000
61 6.040000 0.000000
62 7.160000 0.000000
63 7.160000 0.000000
64 7.140000 0.000000
65 6.620000 0.302115
66 9.100000 0.000000
67 6.660000 0.000000
68 5.460000 0.366300
69 7.100000 0.281690
70 6.460000 0.000000
71 26.380000 0.000000
72 26.680000 0.074963
73 15.500000 0.129032
74 2.600000 0.000000
75 6.540000 0.000000
76 2.920000 0.000000
77 0.280000 0.000000
78 0.280000 0.000000
79 3.800000 0.000000
80 2.920000 0.000000
81 2.100000 0.000000
82 5.200000 0.000000
83 1.200000 0.000000
84 5.560000 0.000000
85 2.340000 0.000000
86 2.340000 0.000000
87 2.340000 0.000000
88 2.340000 0.000000
89 2.340000 0.000000
90 2.340000 0.000000
91 2.340000 0.000000
92 2.340000 0.000000
93 2.340000 0.000000
94 2.340000 0.000000
95 2.340000 0.854701
96 1.580000 0.000000
97 1.860000 0.000000
98 3.560000 0.000000
99 4.560000 0.000000
100 4.560000 0.000000
101 4.560000 0.000000
102 2.680000 0.746269
103 1.200000 0.000000
104 1.200000 0.000000
105 1.200000 0.000000
106 1.540000 0.000000
107 3.400000 0.000000
108 1.880000 1.063830
109 1.720000 0.000000
110 8.100000 0.246914
111 3.940000 0.507614
112 3.620000 0.552486
113 2.220000 0.900901
114 1.600000 0.000000
115 1.600000 0.000000
116 1.600000 0.000000
117 1.600000 0.000000
118 3.700000 0.000000
119 3.560000 0.000000
120 3.920000 0.510204
121 4.080000 0.000000
122 3.800000 0.000000
123 3.800000 0.000000
124 3.240000 0.000000
125 3.800000 0.000000
126 3.420000 0.000000
127 3.540000 0.000000
128 3.600000 0.000000
129 2.880000 0.000000
130 2.860000 0.000000
131 2.860000 0.699301
132 3.340000 0.000000
133 2.920000 0.000000
134 8.000000 0.250000
135 1.600000 0.000000
136 2.940000 0.680272
137 4.160000 0.000000
138 5.160000 0.000000
139 3.720000 0.000000
140 3.720000 0.000000
141 3.940000 0.000000
142 4.280000 0.000000
143 4.300000 0.000000
144 4.280000 0.000000
145 4.280000 0.000000
146 4.280000 0.000000
147 4.300000 0.000000
148 4.160000 0.000000
149 2.180000 0.917431
150 0.300000 0.000000
151 0.240000 0.000000
152 0.820000 0.000000
153 0.820000 0.000000
154 0.820000 0.000000
155 0.820000 0.000000
156 0.820000 0.000000
157 0.820000 0.000000
158 0.820000 0.000000
159 0.240000 0.000000
160 0.820000 0.000000
161 0.820000 0.000000
162 0.820000 0.000000
163 0.820000 0.000000
164 0.820000 0.000000
165 0.820000 0.000000
166 0.820000 0.000000
167 0.820000 0.000000
168 0.820000 0.000000
169 0.820000 0.000000
170 0.820000 0.000000
171 0.820000 0.000000
172 0.820000 0.000000
173 0.820000 0.000000
174 0.820000 0.000000
175 0.820000 0.000000
176 0.820000 0.000000
177 0.820000 0.000000
178 0.820000 0.000000
179 0.820000 0.000000
180 0.820000 0.000000
181 0.820000 0.000000
182 0.820000 0.000000
183 0.820000 0.000000
184 0.820000 0.000000
185 0.820000 0.000000
186 0.820000 0.000000
187 0.820000 0.000000
188 0.820000 0.000000
189 0.820000 0.000000
190 0.820000 0.000000
191 0.820000 0.000000
192 0.820000 0.000000
193 0.820000 0.000000
194 0.820000 2.439024
195 0.820000 0.000000
196 0.820000 0.000000
197 0.820000 0.000000
198 0.820000 0.000000
199 0.820000 0.000000
200 0.820000 2.439024
201 0.820000 0.000000
202 0.820000 0.000000
203 0.820000 0.000000
204 0.820000 0.000000
205 0.820000 0.000000
206 0.820000 0.000000
207 0.820000 0.000000
208 0.820000 0.000000
209 0.820000 0.000000
210 0.820000 0.000000
211 0.820000 0.000000
212 0.820000 0.000000
213 0.820000 0.000000
214 0.820000 0.000000
215 0.820000 0.000000
216 0.820000 0.000000
217 0.820000 0.000000
218 0.820000 0.000000
219 0.820000 0.000000
220 0.820000 0.000000
221 0.820000 0.000000
222 0.820000 0.000000
223 0.820000 0.000000
224 0.820000 0.000000
225 0.820000 0.000000
226 0.820000 0.000000
227 0.820000 0.000000
228 0.820000 0.000000
229 0.820000 0.000000
230 0.820000 0.000000
231 0.820000 2.439024
232 0.820000 0.000000
233 0.280000 7.142857
234 0.820000 0.000000
235 0.820000 0.000000
236 0.820000 0.000000
237 0.820000 0.000000
238 0.820000 0.000000
239 2.000000 0.000000
240 5.160000 0.000000
241 5.180000 0.000000
242 7.720000 0.000000
243 7.260000 0.000000
244 4.720000 0.000000
245 4.180000 0.000000
246 4.180000 0.000000
247 4.180000 0.000000
248 5.780000 0.346021
249 5.080000 0.000000
250 5.080000 0.000000
251 8.500000 0.000000
252 5.160000 0.387597
253 5.740000 0.000000
254 6.080000 0.000000
255 6.080000 0.000000
256 6.080000 0.000000
257 6.080000 0.000000
258 6.080000 0.000000
259 7.280000 0.274725
260 0.600000 0.000000
261 0.600000 0.000000
262 0.600000 0.000000
263 5.800000 0.000000
264 0.600000 0.000000
265 0.600000 0.000000
266 0.600000 0.000000
267 6.080000 0.000000
268 5.500000 0.000000
269 0.600000 0.000000
270 0.600000 0.000000
271 0.600000 0.000000
272 0.600000 0.000000
273 0.600000 0.000000
274 0.600000 0.000000
275 1.120000 0.000000
276 2.040000 0.000000
277 0.820000 0.000000
278 4.940000 0.000000
279 0.280000 7.142857
280 4.940000 0.000000
281 4.940000 0.000000
282 4.940000 0.000000
283 4.940000 0.000000
284 4.940000 0.000000
285 4.940000 0.404858
286 0.700000 2.857143
287 4.940000 0.000000
288 4.940000 0.000000
289 4.940000 0.000000
290 4.940000 0.000000
291 4.940000 0.404858
292 4.940000 0.404858
293 1.200000 1.666667
294 1.840000 0.000000
295 2.040000 0.000000
296 5.200000 0.000000
297 1.200000 0.000000
298 4.940000 0.000000
299 4.940000 0.000000
300 4.940000 0.000000
301 4.940000 0.000000
302 4.940000 0.404858
303 4.940000 0.000000
304 4.940000 0.000000
305 4.940000 0.000000
306 4.940000 0.000000
307 4.940000 0.000000
308 4.940000 0.000000
309 4.940000 0.404858
310 4.940000 0.000000
311 4.940000 0.000000
312 4.940000 0.000000
313 4.940000 0.404858
314 1.320000 1.515152
315 4.940000 0.000000
316 4.940000 0.404858
317 4.940000 0.000000
318 4.940000 0.000000
319 4.940000 0.000000
320 4.940000 0.000000
321 2.840000 0.704225
322 4.940000 0.000000
323 3.080000 0.649351
324 0.640000 3.125000
325 1.840000 0.000000
326 5.200000 0.000000
327 4.720000 0.423729
328 5.200000 0.000000
329 5.200000 0.000000
330 5.200000 0.000000
331 5.200000 0.000000
332 5.200000 0.000000
333 5.680000 0.352113
334 5.200000 0.000000
335 5.200000 0.000000
336 5.200000 0.000000
337 2.880000 1.388889
338 5.200000 0.000000
339 5.200000 0.000000
340 5.200000 0.000000
341 5.200000 0.000000
342 5.200000 0.000000
343 5.200000 0.384615
344 5.200000 0.000000
345 5.200000 0.384615
346 5.200000 0.000000
347 5.200000 0.000000
348 5.200000 0.000000
349 5.200000 0.000000
350 5.200000 0.000000
351 5.200000 0.000000
352 1.300000 1.538462
353 0.280000 0.000000
354 0.260000 0.000000
355 0.260000 0.000000
356 0.260000 0.000000
357 0.240000 0.000000
358 0.280000 0.000000
359 0.260000 0.000000
360 0.260000 0.000000
361 2.280000 0.000000
362 0.420000 0.000000
363 2.560000 0.000000
364 0.340000 0.000000
365 12.960000 0.154321
366 0.780000 0.000000
367 19.080000 0.000000
368 5.540000 0.361011
369 2.780000 0.719424
370 3.220000 0.000000
371 3.200000 0.000000
372 7.160000 0.279330
373 2.620000 0.000000
374 2.260000 0.000000
375 2.620000 0.000000
376 4.840000 0.000000
377 1.980000 1.010101
378 1.940000 0.000000
379 1.940000 0.000000
380 1.940000 0.000000
381 3.740000 0.000000
382 2.700000 0.000000
383 2.700000 0.000000
384 2.700000 0.000000
385 2.700000 0.000000
386 2.700000 0.000000
387 2.700000 0.000000
388 2.700000 0.000000
389 2.700000 0.000000
390 2.700000 0.740741
391 4.620000 0.000000
392 2.700000 0.000000
393 2.700000 0.000000
394 2.700000 0.740741
395 2.700000 0.000000
396 2.700000 0.000000
397 2.700000 0.000000
398 2.700000 0.000000
399 2.700000 0.000000
400 2.700000 0.000000
401 2.700000 0.000000
402 2.800000 0.714286
403 2.720000 0.735294
404 2.160000 0.000000
405 2.140000 0.000000
406 3.000000 0.000000
407 2.700000 0.000000
408 0.980000 4.081633
409 5.860000 0.341297
410 6.660000 0.000000
411 9.120000 0.000000
412 6.660000 0.300300
413 6.660000 0.000000
414 6.660000 0.000000
415 6.660000 0.000000
416 6.660000 0.000000
417 6.660000 0.000000
418 6.660000 0.300300
419 6.660000 0.000000
420 6.660000 0.000000
421 6.660000 0.000000
422 3.100000 1.290323
423 5.440000 0.000000
424 4.580000 0.000000
425 4.580000 0.000000
426 4.580000 0.000000
427 4.580000 0.000000
428 4.780000 0.418410
429 5.200000 0.000000
430 5.200000 0.000000
431 4.600000 0.434783
432 4.820000 0.000000
433 4.820000 0.000000
434 4.820000 0.000000
435 4.820000 0.000000
436 4.820000 0.000000
437 4.820000 0.000000
438 4.820000 0.000000
439 4.820000 0.000000
440 4.820000 0.414938
441 4.820000 0.000000
442 4.820000 0.000000
443 4.820000 0.000000
444 4.820000 0.414938
445 4.820000 0.000000
446 4.820000 0.000000
447 4.820000 0.000000
448 4.240000 0.471698
449 4.260000 0.000000
450 3.260000 0.000000
451 4.160000 0.000000
452 3.300000 0.000000
453 4.620000 0.000000
454 4.180000 0.000000
455 4.180000 0.478469
456 4.220000 0.000000
457 4.220000 0.000000
458 4.220000 0.000000
459 4.140000 0.000000
460 4.140000 0.000000
461 4.140000 0.000000
462 4.140000 0.000000
463 4.140000 0.000000
464 4.140000 0.000000
465 4.140000 0.000000
466 4.140000 0.000000
467 4.200000 0.476190
468 4.140000 0.000000
469 4.100000 0.000000
470 4.100000 0.000000
471 4.100000 0.000000
472 4.100000 0.000000
473 4.100000 0.000000
474 4.100000 0.000000
475 4.100000 0.000000
476 4.100000 0.000000
477 4.100000 0.000000
478 4.100000 0.000000
479 4.100000 0.000000
480 4.100000 0.000000
481 4.140000 0.483092
482 4.100000 0.000000
483 4.260000 0.000000
484 4.600000 0.434783
485 4.460000 0.000000
486 4.460000 0.000000
487 4.460000 0.000000
488 4.460000 0.000000
489 4.300000 0.465116
490 1.320000 0.000000
491 1.320000 0.000000
492 1.320000 0.000000
493 1.320000 0.000000
494 1.320000 0.000000
495 1.320000 0.000000
496 1.320000 0.000000
497 1.320000 0.000000
498 1.320000 0.000000
499 3.620000 0.000000
500 3.580000 0.000000
501 3.580000 0.558659
502 3.580000 0.000000
503 3.580000 0.000000
504 3.580000 0.000000
505 3.580000 0.000000
506 3.580000 0.000000
507 3.580000 0.558659
508 3.380000 0.591716
509 0.180000 0.000000
510 0.460000 0.000000
511 0.460000 0.000000
512 0.460000 0.000000
513 0.460000 0.000000
514 0.320000 0.000000
515 0.460000 0.000000
516 0.460000 0.000000
517 0.180000 0.000000
518 0.300000 0.000000
519 3.500000 0.000000
520 5.780000 0.000000
521 3.740000 0.000000
522 1.480000 1.351351
523 3.320000 0.000000
524 1.720000 0.000000
525 3.320000 0.000000
526 3.320000 0.000000
527 3.320000 0.000000
528 3.320000 0.000000
529 3.320000 0.000000
530 3.320000 0.000000
531 3.320000 0.000000
532 3.320000 0.000000
533 3.320000 0.000000
534 3.320000 0.000000
535 3.320000 0.000000
536 3.320000 0.000000
537 3.320000 0.000000
538 3.320000 0.000000
539 3.320000 0.000000
540 3.320000 0.000000
541 3.320000 0.000000
542 3.320000 0.000000
543 3.320000 0.000000
544 3.320000 0.000000
545 3.320000 0.000000
546 3.320000 0.000000
547 2.980000 0.671141
548 1.460000 1.369863
549 3.320000 0.602410
550 5.040000 0.000000
551 2.520000 0.000000
552 10.660000 0.000000
553 13.020000 0.000000
554 13.020000 0.000000
555 5.900000 0.338983
556 1.280000 1.562500
557 1.700000 0.000000
558 2.080000 0.000000
559 2.080000 0.000000
560 1.360000 0.000000
561 1.260000 0.000000
562 1.260000 0.000000
563 1.240000 0.000000
564 2.700000 0.000000
565 4.700000 0.000000
566 11.760000 0.000000
567 11.620000 0.172117
568 13.020000 0.000000
569 13.020000 0.153610
570 13.020000 0.000000
571 13.020000 0.000000
572 13.020000 0.000000
573 13.020000 0.000000
574 12.160000 0.164474
575 11.340000 0.000000
576 11.340000 0.000000
577 11.340000 0.000000
578 11.340000 0.000000
579 11.340000 0.000000
580 11.340000 0.000000
581 8.480000 0.235849
582 11.340000 0.000000
583 18.440000 0.000000
584 7.340000 0.272480
585 0.460000 0.000000
586 0.460000 0.000000
587 5.260000 0.380228
588 16.560000 0.362319
589 5.700000 0.350877
590 11.340000 0.000000
591 8.540000 0.234192
592 15.080000 0.132626
593 8.800000 0.000000
594 7.680000 0.260417
595 31.660000 0.000000
596 85.860000 0.046587
597 88.180000 0.022681
598 160.300000 0.037430
599 35.240000 0.170261
600 16.160000 0.123762
601 26.420000 0.075700
602 57.180000 0.034977
603 0.600000 0.000000
604 0.260000 0.000000
605 0.260000 0.000000
606 4.260000 0.000000
607 0.260000 0.000000
608 0.260000 0.000000
609 0.260000 0.000000
610 0.620000 3.225806
611 0.340000 0.000000
612 7.320000 0.000000
613 0.260000 0.000000
614 0.740000 0.000000
615 0.320000 0.000000
616 0.320000 0.000000
617 0.320000 0.000000
618 0.320000 0.000000
619 0.320000 0.000000
620 0.320000 0.000000
621 4.520000 0.000000
622 0.820000 0.000000
623 0.820000 0.000000
624 0.820000 0.000000
625 0.820000 0.000000
626 0.820000 0.000000
627 0.820000 0.000000
628 0.820000 0.000000
629 0.800000 2.500000
630 81.100000 0.172626
631 23.220000 0.000000
632 46.380000 0.172488
633 34.900000 0.114613
634 3.800000 1.052632
635 16.160000 0.000000
636 16.160000 0.000000
637 16.160000 0.123762
638 16.160000 0.000000
639 10.540000 0.189753
640 0.340000 0.000000
641 8.700000 0.229885
642 12.380000 0.000000
643 12.380000 0.161551
644 6.920000 0.578035
645 0.340000 0.000000
646 0.420000 4.761905
647 0.340000 5.882353
648 14.900000 0.134228
649 19.600000 0.204082
650 12.380000 0.161551
651 13.500000 0.148148
652 23.240000 0.086059
653 21.940000 0.091158
654 13.640000 0.146628
655 13.640000 0.000000
656 13.640000 0.146628
657 13.640000 0.000000
658 4.560000 0.000000
659 6.560000 0.000000
660 4.300000 0.000000
661 4.300000 0.000000
662 3.540000 1.129944
663 13.640000 0.000000
664 12.900000 0.155039
665 13.640000 0.000000
666 13.640000 0.146628
667 14.560000 0.137363
668 6.900000 0.289855
669 4.040000 0.000000
670 3.220000 0.000000
671 3.220000 0.000000
672 3.220000 0.000000
673 3.220000 0.000000
674 3.220000 0.000000
675 3.220000 0.000000
676 3.220000 0.000000
677 3.220000 0.000000
678 3.220000 0.000000
679 3.220000 0.000000
680 3.220000 0.000000
681 3.220000 0.000000
682 3.220000 0.000000
683 3.220000 0.000000
684 3.220000 0.000000
685 3.220000 0.000000
686 3.220000 0.621118
687 3.400000 0.588235
688 7.700000 0.259740
689 9.020000 0.000000
690 9.020000 0.000000
691 9.020000 0.000000
692 9.020000 0.000000
693 9.020000 0.221729
694 9.020000 0.000000
695 9.020000 0.000000
696 9.020000 0.000000
697 9.020000 0.000000
698 9.020000 0.221729
699 9.020000 0.000000
700 9.020000 0.000000
701 9.020000 0.000000
702 4.780000 0.836820
703 1.540000 0.000000
704 2.040000 0.000000
705 2.040000 0.000000
706 2.340000 0.000000
707 1.820000 0.000000
708 8.720000 0.229358
709 2.580000 0.000000
710 1.380000 0.000000
711 4.020000 0.000000
712 1.820000 0.000000
713 1.820000 0.000000
714 1.820000 0.000000
715 1.820000 0.000000
716 1.200000 1.666667
717 2.500000 0.000000
718 2.500000 0.000000
719 11.960000 0.000000
720 11.960000 0.167224
721 11.960000 0.000000
722 11.960000 0.000000
723 11.960000 0.000000
724 11.960000 0.000000
725 11.960000 0.000000
726 11.960000 0.334448
727 11.960000 0.000000
728 19.960000 0.100200
729 11.960000 0.167224
730 0.340000 5.882353
731 11.960000 0.000000
732 2.900000 0.689655
733 0.640000 0.000000
734 0.640000 0.000000
735 0.640000 0.000000
736 0.640000 0.000000
737 0.640000 0.000000
738 0.640000 0.000000
739 1.020000 1.960784
740 7.900000 0.000000
741 25.140000 0.000000
742 14.020000 0.285307
743 83.700000 0.143369
744 1.900000 0.000000
745 1.900000 0.000000
746 6.040000 0.662252
747 30.600000 0.065359
748 0.280000 0.000000
749 0.280000 0.000000
750 0.280000 0.000000
751 0.280000 0.000000
752 2.500000 0.000000
753 1.100000 0.000000
754 1.320000 0.000000
755 1.320000 0.000000
756 1.320000 0.000000
757 1.320000 0.000000
758 1.320000 0.000000
759 1.320000 0.000000
760 1.320000 0.000000
761 1.320000 0.000000
762 1.320000 0.000000
763 1.320000 0.000000
764 1.320000 0.000000
765 1.320000 1.515152
766 1.320000 0.000000
767 1.320000 0.000000
768 1.320000 0.000000
769 1.320000 0.000000
770 1.320000 0.000000
771 1.320000 0.000000
772 1.320000 0.000000
773 1.320000 0.000000
774 1.320000 0.000000
775 1.320000 0.000000
776 1.320000 0.000000
777 1.320000 0.000000
778 1.320000 0.000000
779 1.320000 0.000000
780 1.320000 0.000000
781 1.320000 0.000000
782 1.740000 2.298851
783 0.540000 0.000000
784 0.540000 0.000000
785 0.540000 0.000000
786 20.820000 0.192123
787 15.920000 0.376884
788 5.100000 0.000000
789 5.100000 0.000000
790 5.100000 0.000000
791 12.560000 0.000000
792 12.560000 0.000000
793 6.100000 0.327869
794 0.280000 0.000000
795 0.280000 0.000000
796 0.280000 0.000000
797 0.280000 0.000000
798 3.320000 0.000000
799 1.200000 0.000000
800 1.200000 0.000000
801 1.200000 0.000000
802 1.200000 0.000000
803 1.200000 0.000000
804 1.200000 0.000000
805 1.200000 0.000000
806 1.200000 0.000000
807 1.200000 0.000000
808 2.700000 0.000000
809 2.360000 0.000000
810 2.360000 0.000000
811 2.360000 0.000000
812 2.360000 0.000000
813 2.360000 0.000000
814 2.360000 0.000000
815 2.360000 0.000000
816 2.360000 0.000000
817 2.360000 0.847458
818 2.360000 0.000000
819 2.360000 0.847458
820 2.360000 0.000000
821 2.360000 0.000000
822 2.360000 0.000000
823 2.360000 0.000000
824 2.360000 0.847458
825 2.360000 0.000000
826 2.360000 0.000000
827 2.360000 0.000000
828 2.360000 0.000000
829 2.360000 0.000000
830 2.360000 0.000000
831 2.360000 0.000000
832 2.360000 0.000000
833 2.360000 0.847458
834 2.240000 0.000000
835 2.360000 0.000000
836 2.360000 0.000000
837 2.360000 0.000000
838 2.360000 0.000000
839 2.360000 0.000000
840 2.360000 0.000000
841 2.360000 0.000000
842 0.600000 3.333333
843 2.360000 0.000000
844 2.360000 0.000000
845 2.980000 0.671141
846 2.360000 0.000000
847 2.360000 0.000000
848 2.360000 0.000000
849 2.360000 0.847458
850 2.360000 0.000000
851 2.360000 0.000000
852 2.360000 0.000000
853 2.120000 1.886792
854 2.360000 0.000000
855 1.900000 0.000000
856 2.360000 0.000000
857 2.320000 0.862069
858 2.060000 0.000000
859 2.060000 0.000000
860 2.060000 0.000000
861 2.060000 0.970874
862 4.420000 0.000000
863 6.640000 0.000000
864 5.340000 0.000000
865 5.420000 0.000000
866 5.380000 0.000000
867 5.380000 0.000000
868 5.160000 0.775194
869 5.380000 0.371747
870 3.720000 0.000000
871 3.720000 0.000000
872 3.720000 0.000000
873 3.280000 0.000000
874 3.740000 0.000000
875 5.540000 0.000000
876 5.540000 0.000000
877 5.540000 0.000000
878 5.540000 0.000000
879 5.480000 0.000000
880 5.480000 0.364964
881 11.520000 0.173611
882 5.340000 0.000000
883 3.140000 0.636943
884 2.060000 0.000000
885 2.060000 0.000000
886 2.060000 0.000000
887 0.640000 0.000000
888 0.960000 0.000000
889 0.960000 0.000000
890 0.960000 0.000000
891 1.880000 0.000000
892 2.060000 0.000000
893 2.060000 0.000000
894 2.060000 0.000000
895 2.060000 0.000000
896 2.040000 0.980392
897 2.160000 0.000000
898 2.160000 0.000000
899 1.980000 0.000000
900 2.080000 0.000000
901 4.280000 0.000000
902 5.220000 0.000000
903 4.740000 0.421941
904 4.740000 0.000000
905 5.280000 0.000000
906 5.280000 0.000000
907 5.280000 0.000000
908 5.280000 0.000000
909 5.280000 0.000000
910 5.280000 0.757576
911 3.820000 0.000000
912 3.540000 0.000000
913 3.540000 0.000000
914 3.540000 0.000000
915 3.020000 0.662252
916 3.540000 0.000000
917 3.540000 0.000000
918 3.540000 0.000000
919 3.540000 0.000000
920 2.180000 0.917431
921 0.960000 0.000000
922 0.260000 0.000000
923 0.960000 0.000000
924 0.960000 0.000000
925 0.960000 0.000000
926 0.960000 0.000000
927 0.960000 0.000000
928 0.960000 0.000000
929 0.960000 0.000000
930 0.960000 0.000000
931 0.960000 0.000000
932 0.960000 0.000000
933 0.960000 0.000000
934 0.960000 0.000000
935 0.960000 0.000000
936 0.960000 0.000000
937 0.960000 0.000000
938 0.960000 0.000000
939 0.960000 0.000000
940 0.960000 0.000000
941 0.960000 0.000000
942 0.960000 0.000000
943 0.960000 0.000000
944 0.960000 0.000000
945 0.960000 0.000000
946 0.960000 0.000000
947 0.960000 0.000000
948 0.960000 0.000000
949 0.960000 0.000000
950 0.960000 0.000000
951 0.960000 0.000000
952 0.960000 0.000000
953 0.960000 2.083333
954 0.960000 0.000000
955 0.960000 0.000000
956 0.960000 0.000000
957 1.080000 1.851852
958 2.060000 0.000000
959 3.480000 0.000000
960 3.020000 0.662252
961 2.060000 0.000000
962 2.060000 0.000000
963 1.760000 1.136364
964 2.080000 0.000000
965 1.820000 0.000000
966 1.820000 0.000000
967 1.820000 0.000000
968 1.820000 0.000000
969 1.820000 1.098901
970 0.580000 3.448276
971 1.740000 0.000000
972 1.640000 0.000000
973 1.720000 0.000000
974 1.720000 0.000000
975 1.820000 0.000000
976 1.820000 0.000000
977 1.740000 0.000000
978 1.820000 0.000000
979 1.820000 0.000000
980 1.820000 0.000000
981 0.960000 0.000000
982 0.260000 0.000000
983 0.960000 0.000000
984 0.960000 0.000000
985 0.960000 0.000000
986 0.960000 0.000000
987 0.960000 0.000000
988 0.960000 0.000000
989 0.960000 0.000000
990 0.960000 0.000000
991 0.960000 0.000000
992 0.960000 0.000000
993 0.960000 0.000000
994 0.960000 0.000000
995 0.960000 0.000000
996 0.960000 0.000000
997 0.960000 0.000000
998 0.960000 0.000000
999 0.960000 0.000000
1000 0.960000 0.000000
1001 0.960000 0.000000
1002 0.960000 0.000000
1003 0.960000 0.000000
1004 0.960000 0.000000
1005 0.960000 0.000000
1006 0.960000 0.000000
1007 0.960000 0.000000
1008 0.960000 0.000000
1009 0.960000 0.000000
1010 0.960000 0.000000
1011 0.960000 0.000000
1012 0.960000 0.000000
1013 0.960000 0.000000
1014 0.960000 0.000000
1015 0.960000 0.000000
1016 0.960000 0.000000
1017 0.960000 0.000000
1018 0.960000 0.000000
1019 0.960000 0.000000
1020 0.960000 0.000000
1021 0.960000 0.000000
1022 0.960000 2.083333
1023 0.960000 0.000000
1024 0.960000 0.000000
1025 0.960000 0.000000
1026 0.960000 0.000000
1027 0.960000 0.000000
1028 0.960000 0.000000
1029 0.960000 0.000000
1030 0.960000 0.000000
1031 0.960000 0.000000
1032 0.960000 0.000000
1033 0.960000 0.000000
1034 0.960000 0.000000
1035 0.960000 0.000000
1036 0.960000 0.000000
1037 0.960000 0.000000
1038 0.960000 0.000000
1039 0.960000 0.000000
1040 0.960000 0.000000
1041 0.960000 0.000000
1042 0.960000 0.000000
1043 0.960000 0.000000
1044 0.960000 0.000000
1045 0.960000 0.000000
1046 0.960000 0.000000
1047 0.960000 0.000000
1048 0.960000 0.000000
1049 0.960000 0.000000
1050 0.960000 0.000000
1051 0.960000 0.000000
1052 0.960000 2.083333
1053 0.960000 0.000000
1054 0.960000 0.000000
1055 0.960000 0.000000
1056 0.960000 0.000000
1057 0.960000 0.000000
1058 0.960000 0.000000
1059 0.960000 0.000000
1060 0.960000 0.000000
1061 0.960000 0.000000
1062 0.960000 0.000000
1063 0.960000 0.000000
1064 0.960000 0.000000
1065 0.960000 0.000000
1066 0.960000 0.000000
1067 0.960000 0.000000
1068 0.960000 0.000000
1069 0.960000 0.000000
1070 0.960000 0.000000
1071 0.960000 0.000000
1072 0.960000 0.000000
1073 0.960000 0.000000
1074 0.960000 0.000000
1075 0.960000 0.000000
1076 0.960000 0.000000
1077 0.960000 0.000000
1078 0.960000 0.000000
1079 0.960000 0.000000
1080 0.960000 0.000000
1081 0.960000 0.000000
1082 0.960000 0.000000
1083 0.960000 0.000000
1084 0.960000 0.000000
1085 0.940000 2.127660
1086 0.640000 0.000000
1087 1.200000 0.000000
1088 3.000000 0.000000
1089 0.260000 0.000000
1090 0.260000 0.000000
1091 0.260000 0.000000
1092 4.220000 0.000000
1093 3.740000 0.000000
1094 5.480000 0.364964
1095 2.100000 0.000000
1096 2.100000 0.000000
1097 2.020000 0.990099
1098 1.340000 0.000000
1099 1.340000 0.000000
1100 1.340000 1.492537
1101 5.840000 0.000000
1102 5.840000 0.342466
1103 4.860000 0.411523
1104 3.800000 0.000000
1105 3.800000 0.000000
1106 3.800000 0.000000
1107 3.780000 0.000000
1108 5.080000 0.000000
1109 7.320000 0.000000
1110 5.020000 0.398406
1111 7.900000 0.000000
1112 7.000000 0.285714
1113 4.700000 0.000000
1114 4.700000 0.000000
1115 4.700000 0.000000
1116 4.700000 0.000000
1117 4.700000 0.000000
1118 4.700000 0.000000
1119 4.700000 0.000000
1120 4.700000 0.000000
1121 4.700000 0.000000
1122 5.040000 0.396825
1123 8.640000 0.000000
1124 8.640000 0.231481
1125 8.640000 0.000000
1126 8.640000 0.000000
1127 8.640000 0.000000
1128 7.580000 0.263852
1129 5.740000 0.000000
1130 5.740000 0.000000
1131 5.360000 0.373134
1132 5.740000 0.348432
1133 5.740000 0.000000
1134 5.740000 0.000000
1135 5.740000 0.000000
1136 5.740000 0.000000
1137 5.740000 0.000000
1138 5.740000 0.000000
1139 5.740000 0.000000
1140 5.740000 0.000000
1141 5.740000 0.000000
1142 4.340000 0.460829
1143 6.800000 0.000000
1144 3.800000 0.526316
1145 3.540000 0.564972
1146 3.760000 0.531915
1147 3.940000 0.000000
1148 7.100000 0.281690
1149 5.740000 0.000000
1150 5.720000 0.000000
1151 9.660000 0.000000
1152 4.460000 0.000000
1153 4.460000 0.000000
1154 4.460000 0.000000
1155 4.460000 0.000000
1156 4.460000 0.448430
1157 4.460000 0.000000
1158 3.760000 0.531915
1159 5.900000 0.000000
1160 9.660000 0.000000
1161 4.460000 0.448430
1162 3.540000 0.564972
1163 6.420000 0.623053
1164 5.340000 0.000000
1165 5.320000 0.375940
1166 7.480000 0.267380
1167 3.000000 0.000000
1168 3.580000 0.558659
1169 3.000000 0.000000
1170 3.000000 0.000000
1171 3.000000 0.000000
1172 3.000000 0.000000
1173 3.040000 0.657895
1174 3.600000 0.000000
1175 3.600000 0.000000
1176 3.600000 0.000000
1177 3.600000 0.000000
1178 3.600000 0.000000
1179 3.600000 0.000000
1180 3.600000 0.000000
1181 3.600000 0.000000
1182 3.600000 0.000000
1183 3.600000 0.000000
1184 3.600000 0.000000
1185 3.600000 0.000000
1186 4.860000 0.411523
1187 3.000000 0.000000
1188 3.600000 0.000000
1189 3.600000 0.000000
1190 3.600000 0.555556
1191 3.600000 0.000000
1192 3.600000 0.000000
1193 3.600000 0.000000
1194 3.680000 0.543478
1195 3.600000 0.000000
1196 3.600000 0.000000
1197 3.600000 0.000000
1198 3.600000 0.000000
1199 6.140000 0.325733
1200 9.920000 0.201613
1201 7.240000 0.000000
1202 7.240000 0.000000
1203 7.240000 0.000000
1204 7.240000 0.276243
1205 7.240000 0.000000
1206 7.280000 0.274725
1207 11.820000 0.000000
1208 7.200000 0.000000
1209 0.600000 0.000000
1210 0.600000 0.000000
1211 0.600000 0.000000
1212 0.600000 0.000000
1213 0.600000 0.000000
1214 0.600000 0.000000
1215 0.600000 0.000000
1216 0.600000 0.000000
1217 2.560000 0.000000
1218 24.440000 0.081833
1219 9.460000 0.000000
1220 9.460000 0.000000
1221 9.440000 0.211864
1222 9.460000 0.000000
1223 4.540000 0.440529
1224 5.260000 0.000000
1225 5.260000 0.000000
1226 5.260000 0.000000
1227 5.540000 0.361011
1228 6.800000 0.588235
1229 5.260000 0.000000
1230 5.260000 0.000000
1231 5.260000 0.000000
1232 5.260000 0.000000
1233 4.280000 0.467290
1234 5.260000 0.000000
1235 5.260000 0.380228
1236 5.260000 0.000000
1237 5.260000 0.000000
1238 5.260000 0.380228
1239 5.260000 0.000000
1240 5.260000 0.000000
1241 5.260000 0.380228
1242 5.260000 0.000000
1243 5.260000 0.000000
1244 5.260000 0.000000
1245 5.260000 0.760456
1246 5.260000 0.000000
1247 5.260000 0.000000
1248 5.260000 0.000000
1249 5.280000 0.378788
1250 3.240000 0.000000
1251 3.240000 0.617284
1252 3.240000 0.000000
1253 3.640000 0.000000
1254 3.640000 0.000000
1255 3.640000 0.000000
1256 3.640000 0.549451
1257 3.040000 0.000000
1258 2.900000 0.689655
1259 3.080000 0.000000
1260 3.080000 0.000000
1261 3.080000 0.649351
1262 3.080000 0.000000
1263 3.080000 0.000000
1264 3.140000 0.636943
1265 3.080000 0.000000
1266 3.080000 0.000000
1267 3.080000 0.000000
1268 3.080000 0.000000
1269 3.080000 0.000000
1270 3.080000 0.000000
1271 1.920000 1.041667
1272 2.000000 0.000000
1273 0.640000 0.000000
1274 0.960000 0.000000
1275 1.980000 0.000000
1276 3.080000 0.000000
1277 3.080000 0.649351
1278 3.080000 0.000000
1279 3.080000 0.000000
1280 3.080000 0.000000
1281 3.080000 0.000000
1282 3.080000 0.000000
1283 3.080000 0.000000
1284 3.080000 0.000000
1285 3.080000 0.000000
1286 2.780000 0.719424
1287 3.080000 0.000000
1288 0.640000 0.000000
1289 1.980000 0.000000
1290 3.080000 0.000000
1291 3.080000 0.000000
1292 3.080000 0.000000
1293 3.080000 0.000000
1294 3.080000 0.000000
1295 3.080000 0.000000
1296 3.080000 0.649351
1297 3.080000 0.000000
1298 3.080000 0.649351
1299 3.080000 0.000000
1300 3.080000 0.000000
1301 3.140000 0.000000
1302 3.080000 0.000000
1303 3.080000 0.000000
1304 3.080000 0.000000
1305 2.900000 1.379310
1306 5.300000 0.377358
1307 5.240000 0.000000
1308 5.240000 0.000000
1309 5.120000 0.000000
1310 5.120000 0.000000
1311 5.120000 0.000000
1312 5.120000 0.000000
1313 5.120000 0.000000
1314 5.100000 0.392157
1315 5.120000 0.000000
1316 5.120000 0.000000
1317 4.980000 0.000000
1318 5.000000 0.000000
1319 5.120000 0.000000
1320 5.120000 0.000000
1321 5.120000 0.000000
1322 2.900000 0.689655
1323 16.800000 0.119048
1324 23.940000 0.000000
1325 23.940000 0.000000
1326 13.940000 0.143472
1327 23.940000 0.000000
1328 23.940000 0.000000
1329 13.720000 0.291545
1330 0.280000 0.000000
1331 0.260000 0.000000
1332 0.400000 0.000000
1333 4.720000 0.000000
1334 1.400000 0.000000
1335 0.600000 0.000000
1336 4.780000 0.000000
1337 6.780000 0.000000
1338 6.780000 0.000000
1339 6.780000 0.000000
1340 6.780000 0.000000
1341 6.780000 0.000000
1342 6.780000 0.000000
1343 6.780000 0.000000
1344 6.780000 0.000000
1345 6.780000 0.000000
1346 6.780000 0.000000
1347 6.780000 0.294985
1348 6.780000 0.000000
1349 6.780000 0.000000
1350 6.780000 0.000000
1351 6.780000 0.294985
1352 4.060000 0.985222
1353 6.780000 0.000000
1354 6.780000 0.000000
1355 6.780000 0.294985
1356 6.780000 0.000000
1357 7.740000 0.258398
1358 6.780000 0.000000
1359 6.780000 0.000000
1360 6.780000 0.000000
1361 6.780000 0.000000
1362 6.780000 0.000000
1363 6.780000 0.000000
1364 7.100000 0.281690
1365 6.780000 0.000000
1366 6.780000 0.000000
1367 6.780000 0.000000
1368 6.780000 0.000000
1369 6.780000 0.000000
1370 6.780000 0.000000
1371 6.780000 0.000000
1372 19.640000 0.101833
1373 6.760000 0.295858
1374 6.780000 0.000000
1375 6.780000 0.000000
1376 5.700000 0.350877
1377 2.520000 0.000000
1378 2.520000 0.000000
1379 2.520000 0.000000
1380 2.520000 0.000000
1381 2.520000 0.000000
1382 2.520000 0.000000
1383 2.520000 0.000000
1384 2.520000 0.000000
1385 2.520000 0.000000
1386 2.520000 0.000000
1387 2.520000 0.000000
1388 2.520000 0.000000
1389 2.520000 0.000000
1390 2.520000 0.000000
1391 2.520000 0.000000
1392 2.520000 0.000000
1393 2.520000 0.000000
1394 2.520000 0.000000
1395 2.520000 0.793651
1396 2.520000 0.000000
1397 2.520000 0.000000
1398 2.520000 0.000000
1399 2.520000 0.793651
1400 2.520000 0.000000
1401 2.520000 0.000000
1402 2.520000 0.000000
1403 2.520000 0.000000
1404 2.520000 0.000000
1405 2.520000 0.000000
1406 2.520000 0.000000
1407 2.520000 0.000000
1408 11.880000 0.336700
1409 2.520000 0.000000
1410 2.060000 0.000000
1411 0.880000 2.272727
1412 2.520000 0.000000
1413 1.340000 0.000000
1414 0.720000 0.000000
1415 4.220000 0.000000
1416 11.300000 0.176991
1417 2.840000 0.000000
1418 2.840000 0.000000
1419 42.160000 0.094877
1420 15.060000 0.132802
1421 13.620000 0.000000
1422 14.280000 0.000000
1423 3.760000 0.531915
1424 2.840000 0.000000
1425 6.980000 0.000000
1426 13.860000 0.288600
1427 12.560000 0.000000
1428 27.660000 0.000000
1429 27.660000 0.000000
1430 27.660000 0.072307
1431 23.760000 0.168350
1432 21.200000 0.000000
1433 10.600000 0.377358
1434 127.620000 0.062686
1435 20.500000 0.195122
1436 30.760000 0.195059
1437 36.500000 0.000000
1438 24.300000 0.164609
1439 7.960000 0.251256
1440 2.860000 0.000000
1441 2.860000 0.699301
1442 2.860000 0.000000
1443 2.860000 0.000000
1444 2.860000 0.000000
1445 2.860000 0.000000
1446 2.860000 0.000000
1447 2.860000 0.000000
1448 2.860000 0.000000
1449 2.860000 0.000000
1450 2.860000 0.000000
1451 2.860000 0.000000
1452 2.860000 0.000000
1453 2.860000 0.000000
1454 2.860000 0.000000
1455 1.560000 1.282051
1456 0.300000 0.000000
1457 0.280000 0.000000
1458 0.300000 0.000000
1459 0.540000 0.000000
1460 1.740000 0.000000
1461 1.740000 0.000000
1462 1.700000 0.000000
1463 5.800000 0.000000
1464 5.800000 0.000000
1465 4.660000 0.000000
1466 1.740000 0.000000
1467 1.740000 0.000000
1468 0.780000 2.564103
1469 1.740000 1.149425
1470 5.800000 0.000000
1471 5.800000 0.000000
1472 5.800000 0.000000
1473 5.800000 0.000000
1474 5.800000 0.000000
1475 5.800000 0.000000
1476 5.800000 0.344828
1477 5.800000 0.000000
1478 5.800000 0.000000
1479 5.800000 0.000000
1480 5.800000 0.000000
1481 3.780000 0.529101
1482 5.800000 0.000000
1483 5.800000 0.000000
1484 5.800000 0.000000
1485 2.920000 0.684932
1486 5.800000 0.000000
1487 5.800000 0.000000
1488 5.800000 0.000000
1489 5.800000 0.000000
1490 5.800000 0.000000
1491 5.800000 0.000000
1492 5.800000 0.000000
1493 5.800000 0.000000
1494 5.800000 0.000000
1495 5.800000 0.000000
1496 5.800000 0.000000
1497 5.800000 0.000000
1498 5.800000 0.000000
1499 5.800000 0.000000
1500 5.800000 0.000000
1501 5.800000 0.000000
1502 1.740000 1.149425
1503 5.800000 0.344828
1504 5.800000 0.000000
1505 5.800000 0.000000
1506 3.140000 0.636943
1507 3.820000 0.523560
1508 5.800000 0.000000
1509 5.800000 0.000000
1510 5.800000 0.000000
1511 5.800000 0.000000
1512 5.800000 0.000000
1513 5.800000 0.000000
1514 5.800000 0.000000
1515 5.800000 0.000000
1516 5.800000 0.000000
1517 5.800000 0.000000
1518 5.800000 0.000000
1519 5.800000 0.344828
1520 5.800000 0.000000
1521 5.800000 0.000000
1522 6.220000 0.321543
1523 6.080000 0.328947
1524 5.800000 0.000000
1525 5.800000 0.000000
1526 5.800000 0.000000
1527 5.800000 0.689655
1528 0.540000 0.000000
1529 1.460000 0.000000
1530 5.800000 0.000000
1531 3.480000 1.149425
1532 1.380000 0.000000
1533 1.380000 0.000000
1534 1.380000 0.000000
1535 1.380000 0.000000
1536 1.380000 0.000000
1537 1.380000 0.000000
1538 1.380000 0.000000
1539 1.380000 0.000000
1540 1.380000 0.000000
1541 1.380000 0.000000
1542 1.380000 0.000000
1543 1.380000 0.000000
1544 1.380000 0.000000
1545 0.820000 2.439024
1546 0.440000 4.545455
1547 0.760000 0.000000
1548 1.140000 0.000000
1549 0.220000 0.000000
1550 0.180000 0.000000
1551 0.260000 0.000000
1552 0.440000 0.000000
1553 0.260000 0.000000
1554 0.280000 0.000000
1555 0.300000 0.000000
1556 0.680000 0.000000
1557 0.260000 7.692308
1558 0.260000 0.000000
1559 0.260000 0.000000
1560 0.260000 0.000000
1561 0.260000 0.000000
1562 0.280000 0.000000
1563 0.700000 2.857143
1564 0.180000 0.000000
1565 0.180000 0.000000
1566 0.180000 0.000000
1567 0.180000 0.000000
1568 0.180000 0.000000
1569 0.460000 0.000000
1570 0.320000 0.000000
1571 0.660000 0.000000
1572 2.480000 0.000000
1573 5.520000 0.000000
1574 5.060000 0.000000
1575 11.200000 0.178571
1576 11.160000 0.000000
1577 11.160000 0.000000
1578 11.160000 0.179211
1579 11.220000 0.178253
1580 9.580000 0.208768
1581 6.000000 0.333333
1582 1.380000 0.000000
1583 1.380000 0.000000
1584 1.380000 0.000000
1585 3.920000 1.020408
1586 0.280000 0.000000
1587 0.280000 0.000000
1588 3.560000 0.000000
1589 1.380000 0.000000
1590 1.380000 0.000000
1591 1.380000 0.000000
1592 1.380000 0.000000
1593 1.380000 0.000000
1594 1.380000 0.000000
1595 1.380000 0.000000
1596 1.380000 0.000000
1597 1.380000 0.000000
1598 1.380000 0.000000
1599 1.380000 0.000000
1600 1.380000 1.449275
1601 2.080000 0.000000
1602 2.080000 0.000000
1603 2.080000 0.000000
1604 2.080000 0.000000
1605 2.080000 0.000000
1606 2.180000 0.917431
1607 1.380000 0.000000
1608 1.380000 0.000000
1609 1.380000 0.000000
1610 1.380000 0.000000
1611 1.380000 0.000000
1612 1.380000 0.000000
1613 1.380000 0.000000
1614 1.360000 1.470588
1615 0.280000 0.000000
1616 0.280000 0.000000
1617 0.700000 0.000000
1618 5.700000 0.350877
1619 6.240000 0.000000
1620 5.320000 0.000000
1621 4.920000 0.406504
1622 1.200000 0.000000
1623 1.200000 0.000000
1624 1.200000 0.000000
1625 1.200000 0.000000
1626 1.200000 0.000000
1627 1.200000 0.000000
1628 1.200000 0.000000
1629 1.200000 0.000000
1630 1.200000 0.000000
1631 1.200000 0.000000
1632 1.200000 0.000000
1633 1.200000 0.000000
1634 1.200000 0.000000
1635 1.200000 0.000000
1636 2.000000 0.000000
1637 1.980000 0.000000
1638 2.080000 0.000000
1639 2.080000 0.000000
1640 2.080000 0.000000
1641 2.080000 0.000000
1642 2.080000 0.000000
1643 2.080000 0.000000
1644 2.080000 0.000000
1645 2.080000 0.000000
1646 2.080000 0.000000
1647 2.080000 0.000000
1648 2.080000 0.000000
1649 2.080000 0.000000
1650 2.080000 0.000000
1651 2.080000 0.000000
1652 2.080000 0.000000
1653 2.080000 0.000000
1654 2.080000 0.000000
1655 2.080000 0.000000
1656 2.080000 0.000000
1657 2.080000 0.000000
1658 0.440000 4.545455
1659 0.280000 0.000000
1660 1.920000 0.000000
1661 2.080000 0.000000
1662 2.080000 0.000000
1663 2.080000 0.000000
1664 2.080000 0.000000
1665 2.080000 0.000000
1666 2.080000 0.000000
1667 2.080000 0.000000
1668 2.080000 0.000000
1669 2.080000 0.000000
1670 2.080000 0.000000
1671 2.080000 0.000000
1672 2.080000 0.000000
1673 2.080000 0.000000
1674 2.080000 0.961538
1675 2.080000 0.000000
1676 2.080000 0.000000
1677 2.080000 0.000000
1678 2.080000 0.000000
1679 2.080000 0.000000
1680 2.080000 0.000000
1681 2.080000 0.000000
1682 2.080000 0.000000
1683 2.080000 0.000000
1684 2.080000 0.000000
1685 2.080000 0.000000
1686 2.080000 0.000000
1687 2.080000 0.000000
1688 2.080000 0.000000
1689 2.080000 0.000000
1690 2.080000 0.000000
1691 2.080000 0.000000
1692 2.080000 0.000000
1693 2.080000 0.000000
1694 2.080000 0.000000
1695 1.980000 1.010101
1696 0.540000 0.000000
1697 0.180000 0.000000
1698 3.000000 0.000000
1699 1.000000 0.000000
1700 0.180000 0.000000
1701 0.180000 0.000000
1702 1.000000 0.000000
1703 0.180000 0.000000
1704 0.180000 0.000000
1705 0.180000 0.000000
1706 1.800000 0.000000
1707 0.180000 0.000000
1708 0.180000 0.000000
1709 0.180000 0.000000
1710 0.180000 0.000000
1711 1.800000 0.000000
1712 0.180000 0.000000
1713 0.180000 0.000000
1714 0.180000 0.000000
1715 0.180000 0.000000
1716 0.180000 0.000000
1717 2.340000 0.000000
1718 1.420000 0.000000
1719 1.420000 0.000000
1720 1.420000 0.000000
1721 1.180000 1.694915
1722 1.420000 0.000000
1723 1.420000 0.000000
1724 1.420000 0.000000
1725 1.420000 0.000000
1726 1.420000 0.000000
1727 1.420000 0.000000
1728 1.420000 0.000000
1729 1.420000 0.000000
1730 1.420000 0.000000
1731 1.420000 0.000000
1732 1.420000 0.000000
1733 1.420000 0.000000
1734 1.420000 0.000000
1735 1.420000 0.000000
1736 1.420000 0.000000
1737 1.420000 0.000000
1738 1.420000 0.000000
1739 1.420000 0.000000
1740 1.420000 0.000000
1741 1.420000 0.000000
1742 1.420000 0.000000
1743 1.420000 0.000000
1744 1.420000 0.000000
1745 1.420000 0.000000
1746 1.420000 0.000000
1747 1.420000 0.000000
1748 1.420000 0.000000
1749 1.420000 0.000000
1750 1.420000 0.000000
1751 1.420000 0.000000
1752 1.420000 0.000000
1753 1.420000 0.000000
1754 1.420000 0.000000
1755 1.420000 0.000000
1756 1.420000 0.000000
1757 1.420000 0.000000
1758 1.420000 0.000000
1759 1.420000 0.000000
1760 1.420000 0.000000
1761 1.420000 0.000000
1762 1.420000 0.000000
1763 1.420000 0.000000
1764 1.420000 0.000000
1765 1.420000 1.408451
1766 1.420000 0.000000
1767 1.420000 0.000000
1768 1.140000 1.754386
1769 1.420000 0.000000
1770 1.420000 0.000000
1771 1.420000 0.000000
1772 1.420000 0.000000
1773 1.420000 0.000000
1774 1.420000 0.000000
1775 1.420000 0.000000
1776 1.420000 0.000000
1777 1.420000 0.000000
1778 1.420000 0.000000
1779 1.420000 0.000000
1780 1.420000 0.000000
1781 1.420000 0.000000
1782 1.420000 0.000000
1783 1.420000 0.000000
1784 1.420000 0.000000
1785 1.420000 0.000000
1786 1.420000 0.000000
1787 1.420000 0.000000
1788 1.420000 0.000000
1789 1.420000 0.000000
1790 1.420000 0.000000
1791 1.420000 0.000000
1792 1.420000 0.000000
1793 1.420000 0.000000
1794 1.420000 0.000000
1795 1.420000 0.000000
1796 1.420000 0.000000
1797 1.420000 0.000000
1798 1.420000 0.000000
1799 1.420000 0.000000
1800 1.420000 0.000000
1801 1.420000 0.000000
1802 1.420000 0.000000
1803 1.420000 0.000000
1804 1.420000 0.000000
1805 1.420000 0.000000
1806 1.420000 0.000000
1807 1.420000 0.000000
1808 1.420000 0.000000
1809 1.420000 0.000000
1810 1.420000 0.000000
1811 1.420000 0.000000
1812 1.420000 0.000000
1813 1.420000 0.000000
1814 1.420000 0.000000
1815 1.420000 0.000000
1816 1.420000 0.000000
1817 1.420000 0.000000
1818 1.420000 1.408451
1819 1.420000 0.000000
1820 1.420000 0.000000
1821 1.140000 1.754386
1822 1.420000 0.000000
1823 1.420000 0.000000
1824 1.420000 0.000000
1825 1.420000 0.000000
1826 1.420000 0.000000
1827 1.420000 0.000000
1828 1.420000 0.000000
1829 1.420000 0.000000
1830 1.420000 0.000000
1831 1.420000 0.000000
1832 1.420000 0.000000
1833 1.420000 0.000000
1834 1.420000 0.000000
1835 1.420000 0.000000
1836 1.420000 0.000000
1837 1.420000 0.000000
1838 1.420000 0.000000
1839 1.420000 0.000000
1840 1.420000 0.000000
1841 1.420000 0.000000
1842 1.420000 0.000000
1843 1.420000 0.000000
1844 1.420000 0.000000
1845 1.420000 0.000000
1846 1.420000 0.000000
1847 1.420000 0.000000
1848 1.420000 0.000000
1849 0.860000 2.325581
1850 0.460000 0.000000
1851 1.100000 0.000000
1852 0.460000 0.000000
1853 0.460000 0.000000
1854 0.460000 0.000000
1855 1.100000 0.000000
1856 0.460000 0.000000
1857 0.460000 0.000000
1858 0.460000 0.000000
1859 0.460000 0.000000
1860 1.100000 0.000000
1861 0.460000 0.000000
1862 0.460000 0.000000
1863 0.460000 0.000000
1864 0.460000 0.000000
1865 0.460000 0.000000
1866 1.100000 0.000000
1867 0.460000 0.000000
1868 0.460000 0.000000
1869 0.460000 0.000000
1870 0.460000 0.000000
1871 0.460000 0.000000
1872 0.460000 0.000000
1873 3.380000 0.000000
1874 4.500000 0.000000
1875 4.500000 0.444444
1876 4.500000 0.000000
1877 4.500000 0.000000
1878 4.500000 0.444444
1879 4.500000 0.000000
1880 4.500000 0.000000
1881 4.500000 0.000000
1882 4.700000 0.851064
1883 3.200000 0.000000
1884 14.740000 0.000000
1885 7.580000 0.263852
1886 7.520000 0.000000
1887 7.520000 0.000000
1888 7.520000 0.000000
1889 7.520000 0.000000
1890 7.520000 0.000000
1891 7.520000 0.000000
1892 7.520000 0.000000
1893 7.740000 0.516796
1894 7.520000 0.000000
1895 7.520000 0.000000
1896 7.520000 0.000000
1897 10.040000 0.597610
1898 7.520000 0.000000
1899 13.640000 0.146628
1900 7.520000 0.000000
1901 10.200000 0.000000
1902 5.340000 0.374532
1903 5.640000 0.354610
1904 8.720000 0.229358
1905 8.720000 0.000000
1906 7.040000 0.284091
1907 8.720000 0.000000
1908 8.720000 0.229358
1909 8.720000 0.000000
1910 8.720000 0.000000
1911 8.720000 0.000000
1912 8.720000 0.000000
1913 8.720000 0.000000
1914 11.500000 0.521739
1915 7.120000 0.000000
1916 3.920000 0.000000
1917 3.920000 0.000000
1918 6.760000 0.000000
1919 8.200000 0.243902
1920 3.920000 0.000000
1921 6.760000 0.000000
1922 6.760000 0.000000
1923 6.760000 0.000000
1924 6.760000 0.000000
1925 4.140000 0.483092
1926 4.260000 0.000000
1927 5.700000 0.000000
1928 5.700000 0.000000
1929 5.700000 0.000000
1930 5.700000 0.000000
1931 5.700000 0.000000
1932 5.660000 0.353357
1933 5.700000 0.000000
1934 5.700000 0.000000
1935 5.700000 0.000000
1936 5.700000 0.000000
1937 5.700000 0.000000
1938 5.720000 0.349650
1939 4.960000 0.000000
1940 5.100000 0.000000
1941 5.100000 0.000000
1942 5.100000 0.000000
1943 5.100000 0.000000
1944 5.100000 0.000000
1945 5.100000 0.000000
1946 5.100000 0.000000
1947 5.100000 0.000000
1948 4.320000 0.462963
1949 2.620000 0.763359
1950 1.980000 0.000000
1951 1.980000 0.000000
1952 1.980000 0.000000
1953 1.980000 0.000000
1954 1.980000 0.000000
1955 1.980000 0.000000
1956 1.980000 0.000000
1957 1.980000 0.000000
1958 2.160000 0.000000
1959 2.160000 0.000000
1960 2.160000 0.000000
1961 2.160000 0.000000
1962 2.160000 0.000000
1963 2.160000 0.000000
1964 2.160000 0.000000
1965 2.160000 0.000000
1966 2.160000 0.000000
1967 2.160000 0.000000
1968 2.160000 0.000000
1969 2.080000 0.961538
1970 1.900000 0.000000
1971 2.160000 0.000000
1972 2.160000 0.000000
1973 2.160000 0.000000
1974 2.040000 0.980392
1975 0.800000 0.000000
1976 0.720000 0.000000
1977 0.720000 0.000000
1978 0.720000 0.000000
1979 0.780000 0.000000
1980 1.940000 0.000000
1981 1.940000 0.000000
1982 1.940000 0.000000
1983 1.940000 0.000000
1984 1.940000 0.000000
1985 1.940000 0.000000
1986 1.940000 0.000000
1987 1.960000 1.020408
1988 1.940000 0.000000
1989 1.940000 0.000000
1990 1.940000 0.000000
1991 1.940000 0.000000
1992 1.940000 0.000000
1993 1.940000 0.000000
1994 1.940000 1.030928
1995 1.940000 0.000000
1996 1.940000 0.000000
1997 1.940000 0.000000
1998 1.940000 0.000000
1999 1.940000 0.000000
2000 1.940000 0.000000
2001 1.940000 0.000000
2002 1.940000 0.000000
2003 1.940000 0.000000
2004 1.940000 0.000000
2005 1.940000 0.000000
2006 1.940000 0.000000
2007 1.940000 0.000000
2008 1.940000 0.000000
2009 1.940000 0.000000
2010 1.940000 0.000000
2011 1.480000 1.351351
2012 1.400000 0.000000
2013 1.400000 0.000000
2014 1.400000 0.000000
2015 2.020000 0.000000
2016 1.940000 0.000000
2017 1.940000 0.000000
2018 1.940000 0.000000
2019 2.060000 0.970874
2020 4.820000 0.000000
2021 4.800000 0.000000
2022 4.800000 0.000000
2023 4.800000 0.416667
2024 4.800000 0.833333
2025 2.480000 0.000000
2026 2.480000 0.000000
2027 2.380000 0.000000
2028 2.480000 0.000000
2029 2.380000 0.000000
2030 2.380000 0.000000
2031 2.480000 0.000000
2032 2.380000 0.000000
2033 3.280000 0.609756
2034 3.280000 0.000000
2035 3.280000 0.000000
2036 3.280000 0.000000
2037 3.280000 0.000000
2038 3.280000 0.000000
2039 3.280000 0.000000
2040 3.280000 0.000000
2041 3.280000 0.000000
2042 3.280000 0.000000
2043 3.280000 0.000000
2044 3.280000 0.000000
2045 3.280000 0.000000
2046 3.280000 0.000000
2047 3.280000 0.000000
2048 2.740000 0.729927
2049 1.800000 0.000000
2050 3.280000 0.000000
2051 3.280000 0.000000
2052 3.280000 0.000000
2053 3.280000 0.000000
2054 3.100000 0.645161
2055 2.420000 0.000000
2056 1.840000 1.086957
2057 3.640000 0.000000
2058 1.800000 0.000000
2059 1.800000 0.000000
2060 1.800000 0.000000
2061 1.800000 0.000000
2062 1.800000 0.000000
2063 1.800000 0.000000
2064 1.800000 0.000000
2065 1.800000 0.000000
2066 1.800000 0.000000
2067 1.800000 0.000000
2068 1.800000 0.000000
2069 1.800000 0.000000
2070 1.800000 0.000000
2071 1.800000 0.000000
2072 1.800000 0.000000
2073 1.800000 0.000000
2074 1.800000 0.000000
2075 1.800000 0.000000
2076 1.800000 0.000000
2077 1.800000 0.000000
2078 1.800000 0.000000
2079 1.800000 0.000000
2080 1.800000 0.000000
2081 1.800000 0.000000
2082 1.800000 0.000000
2083 1.800000 0.000000
2084 1.800000 0.000000
2085 1.800000 0.000000
2086 1.800000 0.000000
2087 1.800000 0.000000
2088 1.800000 0.000000
2089 1.800000 0.000000
2090 1.800000 0.000000
2091 1.800000 1.111111
2092 1.800000 0.000000
2093 1.800000 0.000000
2094 1.800000 0.000000
2095 1.800000 0.000000
2096 1.800000 1.111111
2097 1.800000 0.000000
2098 1.800000 0.000000
2099 1.800000 0.000000
2100 1.800000 0.000000
2101 1.800000 0.000000
2102 1.800000 0.000000
2103 1.800000 0.000000
2104 1.800000 0.000000
2105 1.800000 0.000000
2106 1.060000 1.886792
2107 3.280000 0.000000
2108 3.280000 0.000000
2109 3.280000 0.000000
2110 3.200000 1.250000
2111 3.280000 0.000000
2112 3.280000 0.000000
2113 3.280000 0.000000
2114 3.280000 0.000000
2115 3.280000 0.000000
2116 3.280000 0.000000
2117 3.060000 0.653595
2118 4.740000 0.000000
2119 4.620000 0.000000
2120 6.880000 1.162791
2121 45.000000 0.000000
2122 107.260000 0.037293
2123 68.620000 0.145730
2124 32.140000 0.186683
2125 5.780000 0.000000
2126 5.780000 0.346021
2127 5.780000 0.000000
2128 5.780000 0.000000
2129 5.780000 0.000000
2130 5.780000 0.000000
2131 5.780000 0.000000
2132 5.780000 0.000000
2133 5.780000 0.000000
2134 5.780000 0.000000
2135 5.120000 0.390625
2136 5.780000 0.000000
2137 5.780000 0.000000
2138 5.780000 0.000000
2139 3.100000 0.645161
2140 0.280000 0.000000
2141 0.260000 0.000000
2142 0.720000 0.000000
2143 0.720000 0.000000
2144 3.160000 0.000000
2145 1.840000 0.000000
2146 1.840000 0.000000
2147 1.840000 0.000000
2148 1.840000 0.000000
2149 1.840000 0.000000
2150 1.840000 0.000000
2151 1.840000 0.000000
2152 1.840000 0.000000
2153 1.840000 0.000000
2154 1.820000 0.000000
2155 1.960000 0.000000
2156 1.820000 0.000000
2157 1.800000 0.000000
2158 1.460000 2.739726
2159 1.300000 0.000000
2160 1.280000 0.000000
2161 0.780000 2.564103
2162 0.780000 0.000000
2163 0.780000 0.000000
2164 0.780000 0.000000
2165 0.780000 0.000000
2166 0.780000 0.000000
2167 0.780000 0.000000
2168 0.780000 0.000000
2169 0.780000 0.000000
2170 0.780000 0.000000
2171 0.780000 0.000000
2172 0.780000 0.000000
2173 0.780000 0.000000
2174 0.780000 0.000000
2175 0.780000 0.000000
2176 0.780000 0.000000
2177 0.780000 0.000000
2178 0.780000 0.000000
2179 0.780000 2.564103
2180 0.780000 0.000000
2181 0.780000 0.000000
2182 0.780000 0.000000
2183 0.780000 0.000000
2184 0.780000 0.000000
2185 0.780000 0.000000
2186 0.780000 0.000000
2187 0.780000 0.000000
2188 0.780000 0.000000
2189 0.780000 0.000000
2190 0.780000 0.000000
2191 0.780000 0.000000
2192 0.780000 0.000000
2193 0.780000 0.000000
2194 0.780000 0.000000
2195 0.780000 0.000000
2196 0.780000 0.000000
2197 0.780000 0.000000
2198 0.780000 0.000000
2199 0.780000 0.000000
2200 0.780000 0.000000
2201 0.780000 0.000000
2202 0.760000 2.631579
2203 0.780000 0.000000
2204 0.640000 0.000000
2205 12.040000 0.166113
2206 5.780000 0.000000
2207 5.780000 0.000000
2208 5.780000 0.000000
2209 5.780000 0.000000
2210 5.780000 0.000000
2211 5.780000 0.000000
2212 5.780000 0.000000
2213 1.380000 2.898551
2214 0.280000 0.000000
2215 0.340000 0.000000
2216 0.340000 0.000000
2217 2.360000 0.000000
2218 2.500000 0.000000
2219 2.500000 0.000000
2220 2.500000 0.000000
2221 2.500000 0.000000
2222 2.500000 0.000000
2223 1.260000 0.000000
2224 1.240000 0.000000
2225 2.520000 0.000000
2226 1.800000 0.000000
2227 3.180000 0.628931
2228 1.160000 0.000000
2229 0.340000 0.000000
2230 1.620000 0.000000
2231 1.620000 0.000000
2232 1.620000 0.000000
2233 1.620000 0.000000
2234 1.620000 0.000000
2235 1.620000 0.000000
2236 1.620000 0.000000
2237 1.620000 0.000000
2238 1.620000 0.000000
2239 1.620000 0.000000
2240 1.620000 0.000000
2241 1.620000 0.000000
2242 1.620000 0.000000
2243 1.620000 1.234568
2244 1.620000 0.000000
2245 1.620000 0.000000
2246 1.620000 0.000000
2247 1.620000 0.000000
2248 0.680000 2.941176
2249 2.580000 0.000000
2250 2.580000 0.000000
2251 2.900000 0.689655
2252 2.980000 0.000000
2253 2.980000 0.000000
2254 2.980000 0.000000
2255 2.980000 0.000000
2256 2.980000 0.000000
2257 3.180000 0.628931
2258 2.580000 0.775194
2259 2.220000 0.000000
2260 2.220000 0.000000
2261 2.740000 0.000000
2262 2.980000 0.000000
2263 2.980000 0.000000
2264 2.980000 0.000000
2265 2.980000 0.000000
2266 2.980000 0.000000
2267 2.980000 0.000000
2268 2.980000 0.000000
2269 2.980000 0.000000
2270 2.980000 0.000000
2271 2.980000 0.000000
2272 2.980000 0.000000
2273 2.980000 0.000000
2274 2.940000 0.680272
2275 2.980000 0.000000
2276 2.980000 0.000000
2277 2.980000 0.000000
2278 2.980000 0.000000
2279 2.980000 0.000000
2280 2.980000 0.000000
2281 2.980000 0.000000
2282 2.980000 0.000000
2283 2.980000 0.000000
2284 2.980000 0.000000
2285 3.180000 0.628931
2286 2.720000 0.000000
2287 2.940000 0.000000
2288 2.940000 0.000000
