0 0.240000
1 0.220000
2 0.380000
3 0.220000
4 0.180000
5 0.240000
6 0.300000
7 0.220000
8 0.280000
9 0.260000
10 0.200000
11 0.420000
12 0.340000
13 0.360000
14 0.320000
15 0.500000
16 0.240000
17 0.280000
18 0.400000
19 0.320000
20 0.220000
21 0.380000
22 0.320000
23 0.240000
24 0.320000
25 0.180000
26 0.340000
27 0.320000
28 0.380000
29 0.220000
30 0.200000
31 0.220000
32 0.180000
33 0.180000
34 0.220000
35 0.240000
36 0.320000
37 0.440000
38 0.260000
39 0.240000
40 0.300000
41 0.220000
42 0.400000
43 0.400000
44 0.280000
45 0.340000
46 0.320000
47 0.360000
48 0.200000
49 0.400000
50 0.200000
51 0.220000
52 0.420000
53 0.240000
54 0.240000
55 0.200000
56 0.180000
57 0.240000
58 0.320000
59 0.440000
60 0.240000
61 0.220000
62 0.280000
63 0.320000
64 0.180000
65 0.280000
66 0.480000
67 0.280000
68 0.260000
69 0.320000
70 0.240000
71 0.200000
72 0.360000
73 0.200000
74 0.260000
75 0.180000
76 0.180000
77 0.300000
78 0.200000
79 0.400000
80 0.320000
81 0.200000
82 0.260000
83 0.280000
84 0.320000
85 0.200000
86 0.200000
87 0.200000
88 0.240000
89 0.380000
90 0.260000
91 0.180000
92 0.460000
93 0.200000
94 0.340000
95 0.220000
96 0.220000
97 0.260000
98 0.660000
99 0.280000
100 0.300000
101 0.200000
102 0.260000
103 0.220000
104 0.220000
105 0.320000
106 0.180000
107 0.320000
108 0.240000
109 0.240000
110 0.220000
111 0.180000
112 0.280000
113 0.280000
114 0.340000
115 0.240000
116 0.280000
117 0.240000
118 0.220000
119 0.340000
120 0.260000
121 0.260000
122 0.280000
123 0.380000
124 0.240000
125 0.320000
126 0.280000
127 0.260000
128 0.200000
129 0.300000
130 0.380000
131 0.360000
132 0.180000
133 0.260000
134 0.260000
135 0.220000
136 0.440000
137 0.500000
138 0.340000
139 0.220000
140 0.200000
141 0.320000
142 0.260000
143 0.180000
144 0.260000
145 0.200000
146 0.240000
147 0.280000
148 0.200000
149 0.180000
150 0.220000
151 0.340000
152 0.200000
153 0.280000
154 0.620000
155 0.640000
156 0.320000
157 0.380000
158 0.220000
159 0.220000
160 0.260000
161 0.540000
162 0.240000
163 0.240000
164 0.260000
165 0.180000
166 0.280000
167 0.360000
168 0.900000
169 0.220000
170 0.180000
171 0.300000
172 0.340000
173 0.280000
174 0.200000
175 0.300000
176 0.360000
177 0.180000
178 0.360000
179 0.240000
180 0.260000
181 0.200000
182 0.260000
183 0.200000
184 0.240000
185 0.300000
186 0.280000
187 0.200000
188 0.260000
189 0.240000
190 0.180000
191 0.600000
192 0.200000
193 0.220000
194 0.300000
195 0.400000
196 0.280000
197 0.220000
198 0.260000
199 0.320000
200 0.320000
201 0.260000
202 0.360000
203 0.360000
204 0.200000
205 0.180000
206 0.260000
207 0.300000
208 0.260000
209 0.340000
210 0.240000
211 0.200000
212 0.440000
213 0.220000
214 0.300000
215 0.200000
216 0.200000
217 0.220000
218 0.240000
219 0.180000
220 0.200000
221 0.180000
222 0.220000
223 0.220000
224 0.380000
225 0.180000
226 0.180000
227 0.300000
228 0.220000
229 0.260000
230 0.300000
231 0.240000
232 0.620000
233 0.200000
234 0.420000
235 0.320000
236 0.300000
237 0.300000
238 0.220000
239 0.380000
240 0.200000
241 0.380000
242 0.320000
243 0.260000
244 0.180000
245 0.360000
246 0.420000
247 0.200000
248 0.300000
249 0.280000
250 0.200000
251 0.180000
252 0.480000
253 0.220000
254 0.260000
255 0.240000
256 0.200000
257 0.620000
258 0.220000
259 0.220000
260 0.320000
261 0.180000
262 0.280000
263 0.340000
264 0.360000
265 0.200000
266 0.580000
267 0.200000
268 0.180000
269 0.200000
270 0.340000
271 0.240000
272 0.360000
273 0.300000
274 0.180000
275 0.300000
276 0.460000
277 0.260000
278 0.320000
279 0.820000
280 0.260000
281 0.600000
282 0.280000
283 0.220000
284 0.180000
285 0.360000
286 0.260000
287 0.400000
288 0.180000
289 0.300000
290 0.220000
291 0.300000
292 0.180000
293 0.220000
294 0.280000
295 0.280000
296 0.220000
297 0.260000
298 0.280000
299 0.260000
300 0.220000
301 0.200000
302 0.420000
303 0.400000
304 0.440000
305 0.440000
306 0.240000
307 0.320000
308 0.280000
309 0.600000
310 0.220000
311 0.200000
312 0.300000
313 0.340000
314 0.300000
315 0.360000
316 0.300000
317 0.300000
318 0.460000
319 0.220000
320 0.300000
321 0.220000
322 0.760000
323 0.280000
324 0.200000
325 0.440000
326 0.180000
327 0.260000
328 0.200000
329 0.380000
330 0.300000
331 0.200000
332 0.200000
333 0.200000
334 0.220000
335 0.460000
336 0.240000
337 0.280000
338 0.240000
339 0.260000
340 0.300000
341 0.320000
342 0.600000
343 0.220000
344 0.260000
345 0.180000
346 0.240000
347 0.340000
348 0.320000
349 0.280000
350 0.260000
351 0.320000
352 0.180000
353 0.280000
354 0.200000
355 0.180000
356 0.220000
357 0.260000
358 0.240000
359 0.460000
360 0.280000
361 0.300000
362 0.200000
363 0.320000
364 0.340000
365 0.340000
366 0.220000
367 0.360000
368 0.300000
369 0.380000
370 0.220000
371 0.200000
372 0.500000
373 0.360000
374 0.280000
375 0.180000
376 0.180000
377 0.380000
378 0.220000
379 0.200000
380 0.340000
381 0.420000
382 0.200000
383 0.240000
384 0.180000
385 0.500000
386 0.420000
387 0.400000
388 0.260000
389 0.220000
390 0.200000
391 0.200000
392 0.400000
393 0.360000
394 0.220000
395 0.540000
396 0.220000
397 0.340000
398 0.240000
399 0.600000
400 0.400000
401 0.260000
402 0.360000
403 0.200000
404 0.320000
405 0.320000
406 0.220000
407 0.340000
408 0.260000
409 0.340000
410 0.520000
411 0.540000
412 0.440000
413 0.240000
414 0.180000
415 0.220000
416 0.360000
417 0.660000
418 0.300000
419 0.280000
420 0.180000
421 0.600000
422 0.640000
423 0.300000
424 0.460000
425 0.220000
426 0.200000
427 0.420000
428 0.180000
429 0.220000
430 0.360000
431 0.260000
432 0.220000
433 0.200000
434 0.220000
435 0.220000
436 0.360000
437 0.320000
438 0.340000
439 0.580000
440 0.180000
441 0.240000
442 0.180000
443 0.360000
444 0.220000
445 0.420000
446 0.340000
447 0.500000
448 0.240000
449 0.420000
450 0.300000
451 0.180000
452 0.180000
453 0.300000
454 0.320000
455 0.260000
456 0.280000
457 0.200000
458 0.260000
459 0.300000
460 0.240000
461 0.460000
462 0.240000
463 0.240000
464 0.400000
465 0.220000
466 0.200000
467 0.280000
468 0.260000
469 0.220000
470 0.220000
471 0.480000
472 0.320000
473 0.240000
474 0.300000
475 0.260000
476 0.220000
477 0.180000
478 0.180000
479 0.460000
480 0.240000
481 0.420000
482 0.320000
483 0.240000
484 0.200000
485 0.280000
486 0.200000
487 0.240000
488 0.220000
489 0.240000
490 0.600000
491 0.420000
492 0.220000
493 0.320000
494 0.440000
495 0.360000
496 0.500000
497 0.260000
498 0.200000
499 0.320000
500 0.380000
501 0.440000
502 0.340000
503 0.280000
504 0.400000
505 0.460000
506 0.200000
507 0.280000
508 0.280000
509 0.180000
510 0.380000
511 0.480000
512 0.260000
513 0.360000
514 0.240000
515 0.300000
516 0.260000
517 0.380000
518 0.480000
519 0.220000
520 0.320000
521 0.180000
522 0.380000
523 0.180000
524 0.300000
525 0.220000
526 0.200000
527 0.220000
528 0.200000
529 0.240000
530 0.460000
531 0.200000
532 0.420000
533 0.180000
534 0.600000
535 0.200000
536 0.640000
537 0.220000
538 0.280000
539 0.340000
540 0.260000
541 0.200000
542 0.240000
543 0.300000
544 0.180000
545 0.680000
546 0.200000
547 0.760000
548 0.180000
549 0.480000
550 0.220000
551 0.360000
552 0.780000
553 0.400000
554 0.400000
555 0.560000
556 0.280000
557 0.320000
558 0.320000
559 0.280000
560 0.320000
561 0.240000
562 0.320000
563 0.300000
564 0.460000
565 0.460000
566 0.400000
567 0.360000
568 0.200000
569 0.240000
570 0.180000
571 0.680000
572 0.320000
573 0.200000
574 0.320000
575 0.440000
576 0.360000
577 0.460000
578 0.240000
579 0.220000
580 0.200000
581 0.180000
582 0.480000
583 0.280000
584 0.420000
585 0.260000
586 0.320000
587 0.200000
588 0.200000
589 0.180000
590 0.180000
591 0.260000
592 0.220000
593 0.320000
594 0.280000
595 0.320000
596 0.260000
597 0.400000
598 0.400000
599 0.280000
600 0.340000
601 0.260000
602 0.240000
603 0.240000
604 0.180000
605 0.240000
606 0.280000
607 0.440000
608 0.260000
609 0.620000
610 0.280000
611 0.360000
612 0.240000
613 0.280000
614 0.320000
615 0.300000
616 0.240000
617 0.640000
618 0.320000
619 0.480000
620 0.240000
621 0.200000
622 0.200000
623 0.200000
624 0.420000
625 0.400000
626 0.440000
627 0.240000
628 0.200000
629 0.280000
630 0.200000
631 0.200000
632 0.320000
633 0.400000
634 0.260000
635 0.180000
636 0.420000
637 0.300000
638 0.500000
639 0.380000
640 0.800000
641 0.480000
642 0.560000
643 0.180000
644 0.860000
645 0.200000
646 0.220000
647 0.360000
648 0.660000
649 0.560000
650 0.280000
651 0.300000
652 0.240000
653 0.320000
654 0.240000
655 0.200000
656 0.200000
657 0.360000
658 0.220000
659 0.260000
660 0.260000
661 0.620000
662 0.440000
663 0.320000
664 0.240000
665 0.620000
666 0.480000
667 0.280000
668 0.220000
669 0.180000
670 0.240000
671 0.360000
672 0.280000
673 0.420000
674 0.420000
675 0.460000
676 0.320000
677 0.280000
678 0.280000
679 0.300000
680 0.320000
681 0.740000
682 0.320000
683 0.400000
684 0.240000
685 0.260000
686 0.220000
687 0.740000
688 0.320000
689 0.220000
690 0.200000
691 0.180000
692 0.320000
693 0.240000
694 0.200000
695 0.260000
696 0.320000
697 0.300000
698 0.460000
699 0.760000
700 0.380000
701 0.240000
702 0.240000
703 0.180000
704 0.260000
705 0.380000
706 0.300000
707 0.320000
708 0.480000
709 0.360000
710 0.320000
711 0.640000
712 0.220000
713 0.240000
714 0.240000
715 0.360000
716 0.280000
717 0.500000
718 0.260000
719 0.220000
720 0.460000
721 0.280000
722 0.260000
723 0.400000
724 0.260000
725 0.240000
726 0.200000
727 0.240000
728 0.240000
729 0.460000
730 0.340000
731 0.260000
732 0.380000
733 0.580000
734 0.480000
735 0.260000
736 0.360000
737 0.220000
738 0.200000
739 0.200000
740 0.360000
741 0.400000
742 0.180000
743 0.200000
744 0.180000
745 0.320000
746 0.340000
747 0.360000
748 0.360000
749 0.340000
750 0.340000
751 0.520000
752 0.700000
753 0.400000
754 0.220000
755 0.360000
756 0.260000
757 0.260000
758 0.200000
759 0.260000
760 0.260000
761 0.220000
762 0.200000
763 0.180000
764 0.300000
765 0.320000
766 0.340000
767 0.240000
768 0.280000
769 0.300000
770 0.420000
771 0.220000
772 0.700000
773 0.780000
774 0.440000
775 0.580000
776 0.540000
777 0.280000
778 0.620000
779 0.260000
780 0.460000
781 0.420000
782 0.340000
783 0.280000
784 0.360000
785 0.360000
786 0.260000
787 0.280000
788 0.300000
789 0.340000
790 0.360000
791 0.300000
792 0.340000
793 0.280000
794 0.280000
795 0.200000
796 0.260000
797 0.340000
798 0.320000
799 0.300000
800 0.300000
801 0.380000
802 0.240000
803 0.300000
804 0.220000
805 0.420000
806 0.240000
807 0.300000
808 0.260000
809 0.220000
810 0.200000
811 0.360000
812 0.800000
813 0.520000
814 0.280000
815 0.320000
816 0.300000
817 0.640000
818 0.300000
819 0.380000
820 0.360000
821 0.260000
822 0.500000
823 0.440000
824 0.720000
825 0.240000
826 0.600000
827 0.260000
828 0.300000
829 0.260000
830 0.220000
831 0.360000
832 0.280000
833 0.260000
834 0.660000
835 0.180000
836 0.280000
837 0.400000
838 0.320000
839 0.240000
840 0.340000
841 0.180000
842 0.480000
843 0.920000
844 0.320000
845 0.780000
846 0.780000
847 0.200000
848 0.320000
849 0.320000
850 0.340000
851 0.700000
852 0.400000
853 0.260000
854 0.240000
855 0.440000
856 0.800000
857 0.200000
858 0.320000
859 0.280000
860 0.540000
861 0.820000
862 0.420000
863 0.780000
864 0.300000
865 0.260000
866 0.640000
867 0.520000
868 0.520000
869 0.580000
870 0.280000
871 0.280000
872 0.200000
873 0.720000
874 0.220000
875 0.420000
876 0.200000
877 0.480000
878 0.520000
879 0.440000
880 0.200000
881 0.660000
882 0.280000
883 0.220000
884 0.360000
885 0.460000
886 0.520000
887 0.820000
888 0.320000
889 0.420000
890 0.540000
891 0.420000
892 0.500000
893 0.360000
894 0.280000
895 0.280000
896 0.400000
897 0.360000
898 0.220000
899 0.180000
900 0.320000
901 0.340000
902 0.260000
903 0.520000
904 0.440000
905 0.260000
906 0.240000
907 0.220000
908 0.260000
909 0.240000
910 0.240000
911 0.180000
912 0.540000
913 0.200000
914 0.200000
915 0.220000
916 0.340000
917 0.260000
918 0.820000
919 0.520000
920 0.280000
921 0.480000
922 0.320000
923 0.760000
924 0.720000
925 0.640000
926 0.800000
927 0.240000
928 0.480000
929 0.220000
930 0.580000
931 0.480000
932 0.300000
933 0.180000
934 0.380000
935 0.700000
936 0.300000
937 0.220000
938 0.480000
939 0.580000
940 0.220000
941 0.400000
942 0.420000
943 0.200000
944 0.240000
945 0.600000
946 0.540000
947 0.500000
948 0.220000
949 0.260000
950 0.300000
951 0.400000
952 0.320000
953 0.300000
954 0.200000
955 0.260000
956 0.300000
957 0.320000
958 0.300000
959 0.360000
960 0.320000
961 0.300000
962 0.440000
963 0.180000
964 0.240000
965 0.260000
966 0.260000
967 0.280000
968 0.280000
969 0.240000
970 0.340000
971 0.360000
972 0.260000
973 0.220000
974 0.260000
975 0.300000
976 0.220000
977 0.280000
978 0.300000
979 0.300000
980 0.260000
981 0.180000
982 0.320000
983 0.380000
984 0.320000
985 0.200000
986 0.220000
987 0.240000
988 0.220000
989 0.220000
990 0.300000
991 0.420000
992 0.660000
993 0.500000
994 0.460000
995 0.220000
996 0.380000
997 0.260000
998 0.280000
999 0.260000
1000 0.240000
1001 0.260000
1002 0.300000
1003 0.220000
1004 0.180000
1005 0.200000
1006 0.180000
1007 0.220000
1008 0.240000
1009 0.200000
1010 0.180000
1011 0.180000
1012 0.300000
1013 0.220000
1014 0.300000
1015 0.420000
1016 0.320000
1017 0.200000
1018 0.300000
1019 0.580000
1020 0.340000
1021 0.300000
1022 0.220000
1023 0.300000
1024 0.540000
1025 0.300000
1026 0.300000
1027 0.420000
1028 0.280000
1029 0.400000
1030 0.520000
1031 0.280000
1032 0.600000
1033 0.260000
1034 0.180000
1035 0.180000
1036 0.380000
1037 0.300000
1038 0.240000
1039 0.240000
1040 0.240000
1041 0.240000
1042 0.240000
1043 0.200000
1044 0.300000
1045 0.320000
1046 0.320000
1047 0.460000
1048 0.300000
1049 0.300000
1050 0.240000
1051 0.180000
1052 0.340000
1053 0.360000
1054 0.240000
1055 0.480000
1056 0.340000
1057 0.280000
1058 0.320000
1059 0.340000
1060 0.380000
1061 0.480000
1062 0.300000
1063 0.300000
1064 0.300000
1065 0.460000
1066 0.260000
1067 0.300000
1068 0.320000
1069 0.220000
1070 0.260000
1071 0.220000
1072 0.280000
1073 0.280000
1074 0.300000
1075 0.300000
1076 0.340000
1077 0.280000
1078 0.300000
1079 0.300000
1080 0.360000
1081 0.300000
1082 0.240000
1083 0.260000
1084 0.620000
1085 0.300000
1086 0.300000
1087 0.340000
1088 0.300000
1089 0.220000
1090 0.420000
1091 1.040000
1092 0.380000
1093 0.420000
1094 0.280000
1095 0.380000
1096 0.200000
1097 0.900000
1098 0.480000
1099 0.660000
1100 0.220000
1101 0.280000
1102 0.260000
1103 0.280000
1104 0.300000
1105 0.240000
1106 0.300000
1107 0.300000
1108 0.380000
1109 0.380000
1110 0.380000
1111 0.260000
1112 0.220000
1113 0.240000
1114 0.180000
1115 0.260000
1116 0.180000
1117 0.260000
1118 0.600000
1119 0.300000
1120 0.220000
1121 0.180000
1122 0.260000
1123 0.180000
1124 0.300000
1125 0.340000
1126 0.180000
1127 0.280000
1128 0.320000
1129 0.460000
1130 0.260000
1131 0.240000
1132 0.260000
1133 0.280000
1134 0.220000
1135 0.320000
1136 0.300000
1137 0.240000
1138 0.320000
1139 0.280000
1140 0.220000
1141 0.220000
1142 0.280000
1143 0.200000
1144 0.180000
1145 0.200000
1146 0.220000
1147 0.180000
1148 0.260000
1149 0.220000
1150 0.280000
1151 0.340000
1152 0.280000
1153 0.200000
1154 0.180000
1155 0.240000
1156 0.220000
1157 0.200000
1158 0.220000
1159 0.220000
1160 0.240000
1161 0.220000
1162 0.220000
1163 0.300000
1164 0.240000
1165 0.180000
1166 0.400000
1167 0.260000
1168 0.280000
1169 0.200000
1170 0.220000
1171 0.240000
1172 0.300000
1173 0.220000
1174 0.200000
1175 0.220000
1176 0.340000
1177 0.300000
1178 0.180000
1179 0.180000
1180 0.180000
1181 0.220000
1182 0.180000
1183 0.220000
1184 0.220000
1185 0.200000
1186 0.180000
1187 0.180000
1188 0.180000
1189 0.200000
1190 0.180000
1191 0.540000
1192 0.320000
1193 0.300000
1194 0.240000
1195 0.240000
1196 0.220000
1197 0.240000
1198 0.340000
1199 0.220000
1200 0.220000
1201 0.220000
1202 0.260000
1203 0.760000
1204 0.300000
1205 0.220000
1206 0.280000
1207 0.260000
1208 0.360000
1209 0.300000
1210 0.320000
1211 0.260000
1212 0.260000
1213 0.260000
1214 0.260000
1215 0.240000
1216 0.580000
1217 0.240000
1218 0.280000
1219 0.240000
1220 0.320000
1221 0.280000
1222 0.260000
1223 0.540000
1224 0.240000
1225 0.280000
1226 0.260000
1227 0.220000
1228 0.220000
1229 0.220000
1230 0.260000
1231 0.260000
1232 0.360000
1233 0.400000
1234 0.740000
1235 0.280000
1236 0.300000
1237 0.300000
1238 0.300000
1239 0.320000
1240 0.260000
1241 0.200000
1242 0.300000
1243 0.240000
1244 0.280000
1245 0.280000
1246 0.660000
1247 0.740000
1248 0.300000
1249 0.240000
1250 0.240000
1251 0.200000
1252 0.220000
1253 0.220000
1254 0.280000
1255 0.320000
1256 0.320000
1257 0.620000
1258 0.260000
1259 0.260000
1260 0.300000
1261 0.280000
1262 0.260000
1263 0.260000
1264 0.180000
1265 0.180000
1266 0.220000
1267 0.200000
1268 0.240000
1269 0.320000
1270 0.220000
1271 0.320000
1272 0.180000
1273 0.680000
1274 0.180000
1275 0.240000
1276 0.420000
1277 0.620000
1278 0.520000
1279 0.480000
1280 0.520000
1281 0.300000
1282 0.280000
1283 0.280000
1284 0.780000
1285 0.300000
1286 0.380000
1287 0.360000
1288 0.540000
1289 0.520000
1290 0.420000
1291 0.380000
1292 0.480000
1293 0.460000
1294 0.300000
1295 0.400000
1296 0.320000
1297 0.640000
1298 0.300000
1299 0.440000
1300 0.320000
1301 0.300000
1302 0.340000
1303 0.220000
1304 0.620000
1305 0.480000
1306 0.780000
1307 0.220000
1308 0.220000
1309 0.280000
1310 0.240000
1311 0.220000
1312 0.280000
1313 0.400000
1314 0.700000
1315 0.340000
1316 0.480000
1317 0.540000
1318 0.340000
1319 0.640000
1320 0.320000
1321 0.180000
1322 1.440000
1323 0.200000
1324 0.420000
1325 0.280000
1326 0.200000
1327 0.260000
1328 0.360000
1329 0.240000
1330 0.320000
1331 0.260000
1332 0.200000
1333 0.420000
1334 0.200000
1335 0.200000
1336 0.240000
1337 0.200000
1338 0.180000
1339 0.260000
1340 0.300000
1341 0.440000
1342 0.520000
1343 0.540000
1344 0.480000
1345 0.620000
1346 0.260000
1347 0.460000
1348 0.360000
1349 0.280000
1350 0.500000
1351 0.260000
1352 0.580000
1353 0.320000
1354 0.300000
1355 0.320000
1356 0.340000
1357 0.320000
1358 0.700000
1359 0.340000
1360 0.320000
1361 0.300000
1362 0.300000
1363 0.240000
1364 0.300000
1365 0.360000
1366 0.640000
1367 0.380000
1368 0.380000
1369 0.320000
1370 0.280000
1371 0.240000
1372 0.320000
1373 0.480000
1374 0.560000
1375 0.360000
1376 0.380000
1377 0.320000
1378 0.320000
1379 0.560000
1380 0.360000
1381 0.380000
1382 0.280000
1383 0.340000
1384 0.500000
1385 0.220000
1386 0.300000
1387 0.260000
1388 0.560000
1389 0.620000
1390 0.260000
1391 0.380000
1392 0.280000
1393 0.260000
1394 0.440000
1395 0.320000
1396 0.340000
1397 0.280000
1398 0.380000
1399 0.500000
1400 0.480000
1401 0.480000
1402 0.320000
1403 0.560000
1404 0.340000
1405 0.320000
1406 0.320000
1407 0.460000
1408 0.380000
1409 0.240000
1410 0.300000
1411 0.280000
1412 0.440000
1413 0.400000
1414 0.320000
1415 0.260000
1416 0.320000
1417 0.220000
1418 0.300000
1419 0.320000
1420 0.240000
1421 0.260000
1422 0.320000
1423 0.420000
1424 0.300000
1425 0.260000
1426 0.360000
1427 0.240000
1428 0.260000
1429 0.500000
1430 0.340000
1431 0.300000
1432 0.240000
1433 0.360000
1434 0.260000
1435 0.400000
1436 0.500000
1437 0.460000
1438 0.260000
1439 0.340000
1440 0.540000
1441 0.340000
1442 0.300000
1443 0.320000
1444 0.400000
1445 0.260000
1446 0.280000
1447 0.260000
1448 0.260000
1449 0.240000
1450 0.260000
1451 0.300000
1452 0.240000
1453 0.280000
1454 0.260000
1455 0.360000
1456 0.260000
1457 0.340000
1458 0.280000
1459 0.240000
1460 0.260000
1461 0.220000
1462 0.300000
1463 0.300000
1464 0.220000
1465 0.340000
1466 0.600000
1467 0.320000
1468 0.380000
1469 0.300000
1470 0.280000
1471 0.280000
1472 0.340000
1473 0.280000
1474 0.220000
1475 0.320000
1476 0.280000
1477 0.200000
1478 0.220000
1479 0.220000
1480 0.260000
1481 0.320000
1482 0.240000
1483 0.280000
1484 0.260000
1485 0.260000
1486 0.240000
1487 0.280000
1488 0.240000
1489 0.220000
1490 0.260000
1491 0.240000
1492 0.220000
1493 0.320000
1494 0.180000
1495 0.260000
1496 0.260000
1497 0.500000
1498 0.300000
1499 0.260000
1500 0.260000
1501 0.260000
1502 0.200000
1503 0.280000
1504 0.220000
1505 0.560000
1506 0.400000
1507 0.580000
1508 0.500000
1509 0.660000
1510 0.320000
1511 0.200000
1512 1.040000
1513 0.300000
1514 0.480000
1515 0.280000
1516 0.740000
1517 0.540000
1518 0.360000
1519 0.380000
1520 0.220000
1521 0.240000
1522 0.620000
1523 0.260000
1524 0.280000
1525 0.340000
1526 0.320000
1527 0.320000
1528 0.240000
1529 0.320000
1530 0.300000
1531 0.220000
1532 0.700000
1533 0.280000
1534 0.440000
1535 0.520000
1536 0.520000
1537 0.800000
1538 0.520000
1539 0.320000
1540 0.940000
1541 0.860000
1542 0.640000
1543 0.660000
1544 0.760000
1545 0.680000
1546 0.320000
1547 0.520000
1548 0.700000
1549 0.680000
1550 0.520000
1551 0.480000
1552 0.340000
1553 0.260000
1554 0.260000
1555 0.260000
1556 0.260000
1557 0.260000
1558 0.420000
1559 0.260000
1560 0.820000
1561 0.620000
1562 0.360000
1563 0.260000
1564 0.940000
1565 0.300000
1566 0.420000
1567 0.220000
1568 0.260000
1569 0.260000
1570 0.420000
1571 0.340000
1572 0.260000
1573 0.280000
1574 0.200000
1575 0.320000
1576 0.300000
1577 0.280000
1578 0.200000
1579 0.220000
1580 0.300000
1581 0.280000
1582 0.280000
1583 0.300000
1584 0.260000
1585 0.240000
1586 0.460000
1587 0.280000
1588 0.180000
1589 0.180000
1590 0.260000
1591 0.640000
1592 0.700000
1593 0.540000
1594 0.340000
1595 0.300000
1596 0.340000
1597 0.320000
1598 0.340000
1599 0.300000
1600 0.260000
1601 0.240000
1602 0.340000
1603 0.380000
1604 0.460000
1605 0.280000
1606 0.300000
1607 0.340000
1608 0.200000
1609 0.340000
1610 0.240000
1611 0.300000
1612 0.240000
1613 0.200000
1614 0.300000
1615 0.260000
1616 0.220000
1617 0.180000
1618 0.180000
1619 0.360000
1620 0.260000
1621 0.280000
1622 0.380000
1623 0.280000
1624 0.280000
1625 0.620000
1626 0.280000
1627 0.240000
1628 0.220000
1629 0.180000
1630 0.220000
1631 0.180000
1632 0.260000
1633 0.260000
1634 0.240000
1635 0.340000
1636 0.400000
1637 0.260000
1638 0.200000
1639 1.140000
1640 0.480000
1641 0.240000
1642 0.420000
1643 0.540000
1644 0.340000
1645 0.300000
1646 0.580000
1647 0.280000
1648 0.340000
1649 0.300000
1650 0.240000
1651 0.340000
1652 0.280000
1653 0.280000
1654 0.520000
1655 0.240000
1656 0.280000
1657 0.240000
1658 0.300000
1659 0.240000
1660 0.240000
1661 0.300000
1662 0.320000
1663 0.300000
1664 0.260000
1665 0.300000
1666 0.260000
1667 0.720000
1668 0.440000
1669 0.320000
1670 0.420000
1671 0.680000
1672 0.460000
1673 0.320000
1674 0.380000
1675 0.380000
1676 0.220000
1677 0.220000
1678 0.260000
1679 0.300000
1680 0.200000
1681 0.260000
1682 0.220000
1683 0.240000
1684 0.480000
1685 0.260000
1686 0.280000
1687 0.220000
1688 0.220000
1689 0.360000
1690 0.420000
1691 0.320000
1692 0.200000
1693 0.200000
1694 0.200000
1695 0.180000
1696 0.220000
1697 0.180000
1698 0.320000
1699 0.300000
1700 0.300000
1701 0.180000
1702 0.220000
1703 0.220000
1704 0.220000
1705 0.240000
1706 0.340000
1707 0.260000
1708 0.700000
1709 0.420000
1710 0.420000
1711 0.560000
1712 0.280000
1713 0.960000
1714 0.460000
1715 0.320000
1716 0.440000
1717 0.400000
1718 0.620000
1719 0.300000
1720 0.300000
1721 0.220000
1722 0.420000
1723 0.620000
1724 0.400000
1725 0.400000
1726 0.440000
1727 0.300000
1728 0.220000
1729 0.200000
1730 0.400000
1731 0.600000
1732 0.420000
1733 0.320000
1734 0.320000
1735 0.260000
1736 0.360000
1737 0.380000
1738 0.380000
1739 0.320000
1740 0.280000
1741 0.260000
1742 0.400000
1743 0.380000
1744 0.380000
1745 0.360000
1746 0.340000
1747 1.120000
1748 0.340000
1749 0.280000
1750 0.340000
1751 0.220000
1752 0.320000
1753 0.840000
1754 0.260000
1755 0.640000
1756 0.580000
1757 0.500000
1758 0.320000
1759 0.220000
1760 0.260000
1761 0.460000
1762 0.480000
1763 0.440000
1764 0.460000
1765 0.320000
1766 0.300000
1767 0.560000
1768 0.580000
1769 0.300000
1770 0.260000
1771 0.320000
1772 0.400000
1773 0.300000
1774 0.320000
1775 0.240000
1776 0.180000
1777 0.440000
1778 0.420000
1779 0.200000
1780 0.280000
1781 0.220000
1782 0.220000
1783 0.280000
1784 0.280000
1785 0.280000
1786 0.180000
1787 0.260000
1788 0.340000
1789 0.360000
1790 0.360000
1791 0.360000
1792 0.360000
1793 0.340000
1794 0.360000
1795 0.300000
1796 0.300000
1797 0.300000
1798 0.240000
1799 0.260000
1800 0.260000
1801 0.300000
1802 0.260000
1803 0.340000
1804 0.300000
1805 0.260000
1806 0.280000
1807 0.280000
1808 0.280000
1809 0.280000
1810 0.260000
1811 0.300000
1812 0.300000
1813 0.340000
1814 0.340000
1815 0.280000
1816 0.420000
1817 0.300000
1818 0.280000
1819 0.360000
1820 0.240000
1821 0.340000
1822 0.260000
1823 0.260000
1824 0.240000
1825 0.320000
1826 0.360000
1827 0.520000
1828 0.320000
1829 0.280000
1830 0.460000
1831 0.220000
1832 0.300000
1833 0.200000
1834 0.220000
1835 0.180000
1836 0.180000
1837 0.360000
1838 0.360000
1839 0.320000
1840 0.180000
1841 0.220000
1842 0.300000
1843 0.320000
1844 0.400000
1845 0.320000
1846 0.280000
1847 0.300000
1848 0.220000
1849 0.220000
1850 0.260000
1851 0.180000
1852 0.220000
1853 0.180000
1854 0.180000
1855 0.240000
1856 0.260000
1857 0.320000
1858 0.240000
1859 0.540000
1860 0.240000
1861 0.300000
1862 0.260000
1863 0.400000
1864 0.200000
1865 0.300000
1866 0.300000
1867 0.220000
1868 0.180000
1869 0.240000
1870 0.180000
1871 0.180000
1872 0.180000
1873 0.180000
1874 0.300000
1875 0.340000
1876 0.280000
1877 0.280000
1878 0.320000
1879 0.200000
1880 0.240000
1881 0.340000
1882 0.220000
1883 0.240000
1884 0.220000
1885 0.180000
1886 0.220000
1887 0.260000
1888 0.260000
1889 0.240000
1890 0.200000
1891 0.180000
1892 0.220000
1893 0.180000
1894 0.180000
1895 0.240000
1896 0.260000
1897 0.400000
1898 0.340000
1899 0.300000
1900 0.180000
1901 0.240000
1902 0.240000
1903 0.200000
1904 0.220000
1905 0.240000
1906 0.280000
1907 0.240000
1908 0.260000
1909 0.180000
1910 0.180000
1911 0.220000
1912 0.220000
1913 0.180000
1914 0.180000
1915 0.280000
1916 0.260000
1917 0.300000
1918 0.260000
1919 0.220000
1920 0.300000
1921 0.280000
1922 0.220000
1923 0.460000
1924 0.280000
1925 0.260000
1926 0.260000
1927 0.300000
1928 0.280000
1929 0.220000
1930 0.440000
1931 0.280000
1932 0.400000
1933 0.420000
1934 0.360000
1935 0.380000
1936 0.280000
1937 0.640000
1938 0.900000
1939 0.640000
1940 0.280000
1941 0.380000
1942 0.520000
1943 0.360000
1944 0.360000
1945 0.360000
1946 0.360000
1947 0.320000
1948 0.380000
1949 0.440000
1950 0.320000
1951 0.420000
1952 0.360000
1953 0.620000
1954 0.320000
1955 0.380000
1956 0.520000
1957 0.240000
1958 0.240000
1959 0.240000
1960 0.240000
1961 0.360000
1962 0.240000
1963 0.360000
1964 0.400000
1965 0.320000
1966 0.260000
1967 0.240000
1968 0.240000
1969 0.200000
1970 0.200000
1971 0.240000
1972 0.280000
1973 0.440000
1974 0.600000
1975 0.380000
1976 0.360000
1977 0.240000
1978 0.380000
1979 0.360000
1980 0.380000
1981 0.360000
1982 0.380000
1983 0.320000
1984 0.220000
1985 0.320000
1986 0.440000
1987 0.420000
1988 0.340000
1989 0.280000
1990 0.260000
1991 0.320000
1992 0.560000
1993 0.440000
1994 0.400000
1995 0.420000
1996 0.620000
1997 0.460000
1998 0.420000
1999 0.620000
2000 0.220000
2001 0.540000
2002 0.400000
2003 0.360000
2004 0.360000
2005 0.260000
2006 0.260000
2007 0.260000
2008 0.220000
2009 0.260000
2010 0.240000
2011 0.220000
2012 0.220000
2013 0.680000
2014 0.380000
2015 0.360000
2016 0.280000
2017 0.480000
2018 0.780000
2019 0.300000
2020 0.260000
2021 0.240000
2022 0.240000
2023 0.340000
2024 0.240000
2025 0.260000
2026 0.180000
2027 0.420000
2028 0.560000
2029 0.220000
2030 0.720000
2031 0.740000
2032 0.700000
2033 0.420000
2034 0.480000
2035 0.360000
2036 0.460000
2037 0.180000
2038 0.180000
2039 0.500000
2040 0.240000
2041 0.180000
2042 0.340000
2043 0.620000
2044 1.120000
2045 0.500000
2046 0.640000
2047 0.720000
2048 0.520000
2049 0.700000
2050 0.560000
2051 0.360000
2052 0.940000
2053 0.540000
2054 0.480000
2055 0.480000
2056 0.460000
2057 0.520000
2058 0.540000
2059 0.400000
2060 0.540000
2061 0.480000
2062 0.720000
2063 0.820000
2064 0.440000
2065 0.760000
2066 0.840000
2067 0.440000
2068 0.380000
2069 0.600000
2070 0.360000
2071 0.380000
2072 0.580000
2073 0.260000
2074 0.360000
2075 0.300000
2076 0.360000
2077 0.360000
2078 0.280000
2079 0.400000
2080 0.400000
2081 0.380000
2082 0.340000
2083 0.240000
2084 0.280000
2085 0.360000
2086 0.380000
2087 0.340000
2088 1.260000
2089 0.380000
2090 0.740000
2091 0.820000
2092 0.680000
2093 0.640000
2094 0.640000
2095 0.960000
2096 0.240000
2097 0.280000
2098 0.580000
2099 1.020000
2100 0.540000
2101 0.260000
2102 0.260000
2103 0.360000
2104 0.260000
2105 0.260000
2106 0.380000
2107 0.660000
2108 0.420000
2109 0.260000
2110 0.180000
2111 0.260000
2112 0.580000
2113 0.620000
2114 0.280000
2115 0.280000
2116 0.340000
2117 0.500000
2118 0.760000
2119 0.640000
2120 0.680000
2121 0.300000
2122 0.500000
2123 0.560000
2124 0.620000
2125 0.420000
2126 0.280000
2127 0.340000
2128 0.280000
2129 0.180000
2130 0.380000
2131 0.220000
2132 0.240000
2133 0.200000
2134 0.200000
2135 0.200000
2136 0.220000
2137 0.340000
2138 0.320000
2139 0.280000
2140 0.600000
2141 0.260000
2142 0.260000
2143 0.380000
2144 0.340000
2145 0.260000
2146 0.280000
2147 0.440000
2148 0.360000
2149 0.680000
2150 0.440000
2151 0.460000
2152 0.420000
2153 0.700000
2154 0.440000
2155 0.500000
2156 0.420000
2157 0.320000
2158 0.440000
2159 0.260000
2160 0.220000
2161 0.720000
2162 0.320000
2163 0.500000
2164 0.760000
2165 0.480000
2166 0.540000
2167 0.240000
2168 0.420000
2169 0.360000
2170 0.220000
2171 0.280000
2172 0.280000
2173 0.240000
2174 0.280000
2175 0.780000
2176 0.700000
2177 0.580000
2178 1.200000
2179 0.220000
2180 0.560000
2181 0.660000
2182 0.760000
2183 0.520000
2184 0.560000
2185 0.280000
2186 0.280000
2187 0.800000
2188 0.560000
2189 0.880000
2190 0.700000
2191 0.340000
2192 0.360000
2193 0.400000
2194 0.620000
2195 0.240000
2196 0.300000
2197 0.740000
2198 0.280000
2199 0.620000
2200 0.440000
2201 0.640000
2202 0.360000
2203 0.280000
2204 0.580000
2205 0.900000
2206 0.620000
2207 0.920000
2208 0.240000
2209 0.360000
2210 0.360000
2211 0.600000
2212 0.520000
2213 0.280000
2214 0.780000
2215 0.300000
2216 0.240000
2217 0.220000
2218 0.300000
2219 0.280000
2220 0.260000
2221 0.560000
2222 0.440000
2223 0.540000
2224 0.260000
2225 0.200000
2226 0.260000
2227 0.420000
2228 0.320000
2229 0.260000
2230 0.380000
2231 0.220000
2232 0.260000
2233 0.340000
2234 0.260000
2235 0.220000
2236 0.260000
2237 0.240000
2238 0.280000
2239 0.240000
2240 0.240000
2241 0.340000
2242 0.460000
2243 0.400000
2244 0.520000
2245 0.720000
2246 0.400000
2247 0.360000
2248 0.360000
2249 0.400000
2250 0.540000
2251 0.320000
2252 0.320000
2253 0.540000
2254 0.260000
2255 0.180000
2256 0.400000
2257 1.000000
2258 0.300000
2259 0.640000
2260 0.280000
2261 0.180000
2262 0.460000
2263 0.300000
2264 0.240000
2265 0.420000
2266 0.580000
2267 0.960000
2268 0.260000
2269 0.520000
2270 0.500000
2271 0.480000
2272 0.240000
2273 0.400000
2274 0.280000
2275 0.540000
2276 0.220000
2277 0.260000
2278 0.320000
2279 0.320000
2280 0.260000
2281 0.200000
2282 0.280000
2283 0.580000
2284 0.300000
2285 0.280000
2286 0.280000
2287 0.260000
2288 0.220000
2289 0.240000
2290 0.260000
2291 0.640000
2292 0.400000
2293 0.220000
2294 0.360000
2295 0.340000
2296 0.460000
2297 0.280000
2298 0.260000
2299 0.340000
2300 0.260000
2301 0.620000
2302 0.960000
2303 0.500000
2304 0.420000
2305 0.660000
2306 0.920000
2307 0.500000
2308 0.320000
2309 0.340000
2310 0.420000
2311 0.300000
2312 0.360000
2313 0.280000
2314 0.640000
2315 0.560000
2316 0.260000
2317 0.520000
2318 0.460000
2319 0.280000
2320 0.280000
2321 0.260000
2322 0.360000
2323 0.300000
2324 0.360000
2325 0.280000
2326 0.420000
2327 0.260000
2328 0.680000
2329 0.360000
2330 0.400000
2331 0.380000
2332 0.580000
2333 0.520000
2334 0.240000
2335 0.620000
2336 0.340000
2337 0.560000
2338 0.580000
2339 0.680000
2340 0.620000
2341 0.720000
2342 0.400000
2343 0.660000
2344 0.420000
2345 0.660000
2346 0.540000
2347 0.880000
2348 0.240000
2349 0.440000
2350 0.240000
2351 0.480000
2352 0.400000
2353 0.400000
2354 0.460000
2355 0.340000
2356 0.440000
2357 0.300000
2358 0.260000
2359 0.300000
2360 0.300000
2361 0.240000
2362 0.240000
2363 0.360000
2364 0.420000
2365 0.300000
2366 0.280000
2367 0.280000
2368 0.280000
2369 0.320000
2370 0.280000
2371 0.340000
2372 0.260000
2373 0.220000
2374 0.380000
2375 0.360000
2376 0.260000
2377 0.240000
2378 0.420000
2379 0.400000
2380 0.760000
2381 0.760000
2382 0.200000
2383 0.240000
2384 0.340000
2385 0.420000
2386 0.280000
2387 0.200000
2388 0.260000
2389 0.180000
2390 0.480000
2391 0.300000
2392 0.520000
2393 0.220000
2394 0.580000
2395 0.480000
2396 0.320000
2397 0.740000
2398 0.300000
2399 0.260000
2400 0.260000
2401 0.260000
2402 0.220000
2403 0.180000
2404 0.960000
2405 0.300000
2406 0.220000
2407 0.220000
2408 0.500000
2409 0.440000
2410 0.200000
2411 0.180000
2412 0.180000
2413 0.200000
2414 0.220000
2415 0.260000
2416 0.320000
2417 0.220000
2418 0.240000
2419 0.220000
2420 0.200000
2421 0.240000
2422 0.180000
2423 0.180000
2424 0.220000
2425 0.200000
2426 0.220000
2427 0.180000
2428 0.180000
2429 0.200000
2430 0.220000
2431 0.180000
2432 0.180000
2433 0.360000
2434 0.280000
2435 0.260000
2436 0.240000
2437 0.220000
2438 0.280000
2439 0.300000
2440 0.280000
2441 0.320000
2442 0.300000
2443 0.700000
2444 0.300000
2445 0.240000
2446 0.180000
2447 0.260000
2448 0.260000
2449 0.220000
2450 0.260000
2451 0.260000
2452 0.180000
2453 0.300000
2454 0.220000
2455 0.220000
2456 0.320000
2457 0.380000
2458 0.260000
2459 0.320000
2460 0.240000
2461 0.280000
2462 0.300000
2463 0.260000
2464 0.220000
2465 0.260000
2466 0.180000
2467 0.280000
2468 0.220000
2469 0.260000
2470 0.260000
2471 0.240000
2472 0.240000
2473 0.180000
2474 0.200000
2475 0.280000
2476 0.180000
2477 0.360000
2478 0.340000
2479 0.300000
2480 0.300000
2481 0.240000
2482 0.280000
2483 0.240000
2484 0.200000
2485 0.180000
2486 0.200000
2487 0.220000
2488 0.180000
2489 0.220000
2490 0.280000
2491 0.180000
2492 0.200000
2493 0.280000
2494 0.260000
2495 0.180000
2496 0.200000
2497 0.180000
2498 0.340000
2499 0.480000
2500 0.280000
2501 0.180000
2502 0.300000
2503 0.180000
2504 0.540000
2505 0.480000
2506 0.300000
2507 0.300000
2508 0.420000
2509 0.220000
2510 0.440000
2511 0.280000
2512 0.400000
2513 0.800000
2514 0.300000
2515 0.240000
2516 0.540000
2517 0.220000
2518 0.580000
2519 0.300000
2520 0.320000
2521 0.220000
2522 0.300000
2523 0.340000
2524 0.540000
2525 0.420000
2526 0.420000
2527 0.420000
2528 0.440000
2529 0.300000
2530 0.260000
2531 0.320000
2532 0.260000
2533 0.300000
2534 0.220000
2535 0.180000
2536 0.280000
2537 0.280000
2538 0.240000
2539 0.760000
2540 0.360000
2541 0.300000
2542 0.540000
2543 0.240000
2544 0.400000
2545 0.720000
2546 0.280000
2547 0.260000
2548 0.820000
2549 0.400000
2550 0.400000
2551 0.640000
2552 0.660000
2553 0.380000
2554 0.480000
2555 0.620000
2556 0.280000
2557 0.360000
2558 0.260000
2559 0.260000
2560 0.260000
2561 0.280000
2562 0.300000
2563 0.300000
2564 0.540000
2565 0.400000
2566 0.440000
2567 0.260000
2568 0.320000
2569 0.540000
2570 0.920000
2571 0.300000
2572 0.260000
2573 0.260000
2574 0.240000
2575 0.440000
2576 0.260000
2577 0.220000
